# CBDsim optical photon total track-length histogram
nbins 400
xmax_mm 2000
nfates 9
total_tracks 1900371
mean_path_mm_all 130.137
hist total under 0 over 5898
counts 30508 56459 26882 51045 23467 40177 36694 40278 34355 35823 32354 33742 106454 94958 88775 69992 65159 49413 46612 35627 34633 29945 27589 26609 54432 54158 47312 45808 40409 40231 37672 36241 30370 29570 26898 24639 22803 18980 17517 15279 13847 12898 11377 10112 9669 8696 8096 7828 6970 6661 5981 5758 5044 5087 4421 4451 4004 3854 3555 3559 3211 3149 2770 2736 2533 2477 2327 2326 2031 2102 1866 1826 1751 1680 1499 1594 1363 1367 1259 1252 1244 1149 1098 1134 998 1067 981 1006 790 900 807 790 778 730 707 707 649 623 628 606 583 629 543 554 519 527 499 509 502 479 489 457 423 432 454 401 390 422 401 326 372 345 335 346 283 336 316 333 328 297 303 298 262 273 299 285 275 276 296 307 271 245 248 209 265 236 240 246 217 216 213 213 194 199 206 176 200 174 176 175 199 169 167 159 152 172 136 158 163 175 150 162 144 128 145 139 161 131 124 124 102 127 124 125 108 110 101 127 154 106 100 122 83 110 115 95 108 77 85 89 79 113 88 113 88 96 85 88 102 94 73 76 79 77 75 73 74 75 79 91 78 87 76 80 71 73 80 62 78 63 68 81 73 65 70 81 61 63 56 82 62 55 49 59 71 68 66 61 65 64 60 67 52 61 65 66 50 48 64 51 42 49 34 52 52 47 34 49 51 46 46 49 43 51 47 61 46 50 45 48 54 47 54 40 49 46 41 52 35 40 30 32 46 30 43 45 37 30 46 41 42 47 37 48 35 33 42 39 44 33 40 38 28 28 27 39 29 43 33 25 46 32 35 40 26 34 29 28 30 26 34 40 35 22 36 26 32 29 24 29 22 25 27 36 34 21 32 22 19 27 26 27 27 28 23 20 23 28 23 27 26 26 24 21 20 27 27 29 32 22 24 23 23 28 20 19 25 20 30 21 21 28 27 19 13 22 26 28 14 26 22 24 28 34 21 18 24 23 23 18
fate detected count 197946 frac 0.104162 mean_path_mm 148.073 under 0 over 437
counts 0 0 0 0 0 0 0 0 0 0 0 41 16767 13874 13705 9547 9314 6252 6018 3723 4023 2772 2678 2233 8457 8474 7213 6700 5917 5772 5449 5419 4358 4369 3966 3593 3350 2567 2453 1995 1842 1599 1489 1226 1228 990 972 916 853 752 760 672 562 604 495 489 460 419 397 354 301 318 301 284 309 247 260 229 199 199 193 180 202 192 183 179 127 147 134 126 122 107 133 125 116 109 118 97 79 89 87 72 91 67 84 75 75 62 63 72 63 64 42 50 59 53 53 50 44 55 43 47 32 49 53 37 40 37 46 39 42 38 39 34 31 39 24 28 33 35 25 28 28 25 21 28 18 26 39 24 31 24 29 13 24 20 28 24 12 17 15 16 17 20 34 25 20 17 13 15 17 13 27 15 14 11 8 16 15 11 14 12 17 12 11 15 22 9 7 6 14 8 12 12 6 13 12 16 16 6 17 10 8 7 8 13 11 9 7 6 2 13 10 4 7 9 9 7 15 4 5 3 10 12 6 7 9 6 7 9 5 7 8 4 10 6 8 4 9 5 6 7 7 7 4 6 3 7 2 8 3 5 7 7 9 6 7 4 7 5 4 8 3 4 6 5 7 6 4 5 3 2 8 8 4 5 3 4 4 4 4 5 2 8 4 4 5 6 6 4 2 9 3 3 3 4 5 3 2 2 1 6 4 5 8 4 2 3 3 0 5 5 2 4 3 6 4 4 6 3 3 4 0 4 3 4 1 7 2 3 5 3 2 5 2 6 3 4 2 5 3 2 3 1 3 1 4 1 2 5 4 2 1 2 1 1 6 1 2 1 3 4 2 6 3 4 1 3 4 2 2 2 2 2 0 1 2 1 6 1 3 3 1 4 0 1 4 2 0 6 5 1 1 1 2 4 1 0 2 4 1 2 3 1 0 3 3 1 0 0
fate qe_reject count 728969 frac 0.383593 mean_path_mm 149.739 under 0 over 1758
counts 0 0 0 0 0 0 0 0 0 0 0 127 60529 49561 50455 35188 34555 22953 22532 13998 14418 10137 9726 8143 30884 30512 26554 25162 21588 21316 21108 19747 16557 15978 14757 13013 12499 9585 8969 7351 6833 5970 5337 4496 4452 3940 3697 3432 3153 2874 2598 2434 2134 2156 1925 1875 1615 1561 1389 1448 1332 1288 1083 1061 980 1012 911 938 835 799 737 705 702 641 610 638 528 577 489 496 505 466 424 428 404 451 395 384 282 350 299 322 307 280 287 261 259 257 233 227 249 254 235 190 189 181 191 207 194 195 192 185 179 150 187 169 155 154 162 116 141 121 128 123 101 116 124 129 126 105 117 109 91 100 119 97 109 101 104 107 90 74 89 72 90 84 73 83 78 91 80 75 71 72 65 62 71 65 68 68 79 59 62 61 62 57 54 56 64 58 63 53 53 34 56 48 55 49 50 42 35 51 49 46 43 48 41 43 48 47 34 57 30 48 48 44 48 31 32 31 38 36 34 45 33 32 34 36 41 46 27 31 27 27 28 26 33 35 32 37 35 35 27 26 21 30 41 30 29 21 19 31 29 24 33 31 26 21 22 24 31 25 12 19 32 27 27 25 20 19 22 23 19 16 28 24 21 12 27 19 17 23 10 19 18 20 11 16 14 18 13 12 18 15 14 24 15 18 21 15 24 16 15 16 23 15 14 21 14 13 12 15 18 12 11 13 13 13 15 11 6 16 16 13 12 9 14 14 11 11 16 17 13 13 12 14 9 11 18 10 13 10 11 11 10 13 12 13 12 10 11 15 9 5 12 11 13 14 8 14 8 13 10 15 9 5 11 8 4 8 9 9 11 12 6 6 10 9 8 11 9 11 8 10 7 7 9 11 7 10 8 11 9 9 10 7 7 11 10 10 7 9 10 6 4 7 8 8 2 8 12 8 5 17 3 4 6 12 8 10
fate absorb_scint count 80150 frac 0.042176 mean_path_mm 179.14 under 0 over 1989
counts 4208 3963 3803 3783 3572 3373 3400 2992 2699 2507 2315 2237 2104 2025 1837 1811 1713 1573 1479 1410 1337 1297 1181 1032 981 854 805 783 669 593 560 534 517 456 424 411 410 379 370 348 323 314 279 244 249 225 241 220 191 213 188 178 178 169 150 165 142 159 140 115 144 119 125 132 113 100 97 101 98 92 100 97 82 82 87 79 84 70 70 55 67 63 60 78 58 54 62 72 46 75 63 51 61 58 51 62 54 54 50 50 50 46 40 47 44 51 38 33 49 44 42 39 34 35 41 40 34 34 34 23 37 41 24 40 28 32 13 33 32 25 24 29 28 30 29 18 29 25 21 28 26 33 28 22 22 22 30 36 24 18 21 21 21 24 16 22 21 20 24 20 18 21 20 20 21 26 19 20 17 35 20 32 17 20 19 18 28 20 17 16 7 19 16 13 19 9 16 20 27 10 9 15 20 12 20 13 10 9 14 14 11 22 8 12 11 19 14 13 9 11 11 9 13 15 10 9 14 16 9 23 14 15 9 14 9 13 15 10 13 9 17 8 14 12 8 11 11 11 10 15 10 8 4 8 9 15 7 12 14 9 11 18 10 16 12 13 7 15 7 9 9 9 4 10 9 7 4 12 11 5 7 17 8 11 10 13 10 10 4 11 6 6 12 11 11 13 8 4 6 12 6 3 6 4 8 18 5 3 10 12 13 9 8 12 8 5 10 4 11 10 9 5 3 4 1 12 10 4 3 3 11 7 9 10 7 5 8 7 3 4 8 9 11 4 7 4 10 6 4 3 4 4 8 8 10 7 3 0 5 5 6 5 6 3 6 3 5 12 4 5 7 6 6 5 7 9 6 7 3 5 8 3 6 8 3 6 5 4 9 2 2 6 9 8 0 4 8 9 2 2 4 6 7 7 6 5 8 4 4 4
fate absorb_lg count 1372 frac 0.000721964 mean_path_mm 147.934 under 0 over 5
counts 0 0 0 0 0 0 7 14 38 51 73 68 73 71 64 32 23 24 26 32 29 41 27 37 49 51 45 39 32 39 23 27 23 20 22 18 14 7 18 9 8 10 7 10 6 10 8 6 8 3 8 6 6 7 3 5 7 2 1 1 2 1 0 2 3 0 2 2 1 1 1 2 0 0 4 1 3 0 0 1 4 0 1 0 3 2 2 0 0 0 0 0 1 1 1 0 1 0 0 1 1 1 2 0 1 1 0 0 0 0 0 0 1 0 1 0 0 0 1 0 1 0 0 0 0 0 0 0 0 1 0 0 0 0 1 1 0 0 0 0 0 1 1 0 1 1 0 0 0 1 0 0 1 1 0 0 0 1 1 0 0 0 0 0 0 0 0 1 1 0 1 0 0 0 0 0 1 0 0 0 0 0 1 0 0 0 0 0 1 0 0 1 0 1 0 0 0 0 0 0 0 0 0 2 0 0 0 0 0 0 0 0 0 0 0 0 0 0 0 0 0 0 0 0 0 0 0 1 0 0 0 0 0 0 0 0 0 0 0 0 0 0 0 0 0 0 0 0 0 0 0 0 1 0 0 0 0 0 0 0 0 0 0 0 0 0 0 0 0 0 1 0 0 0 0 0 0 0 0 0 0 0 0 0 0 0 0 0 0 0 0 0 0 0 0 0 0 0 0 0 0 0 0 0 0 0 0 0 0 0 0 0 0 0 0 0 0 0 0 0 0 0 0 0 0 0 0 0 0 0 0 0 0 0 0 0 0 0 0 0 0 0 0 0 0 0 1 0 0 0 0 0 0 0 0 0 0 0 0 0 0 0 0 0 0 0 0 0 0 0 0 0 0 0 0 0 0 0 0 0 0 0 0 0 0 0 0 0 0 0 0 0 0 0 0 0 0 0 0 0
fate absorb_glass count 77 frac 4.05184e-05 mean_path_mm 172.63 under 0 over 0
counts 0 0 0 0 0 0 0 0 0 0 0 0 4 5 3 2 6 0 4 2 2 0 2 0 6 2 0 5 1 1 4 0 2 1 1 1 1 0 0 1 0 1 0 0 1 1 3 0 1 1 1 0 0 1 0 0 1 0 0 0 2 0 0 1 0 0 0 1 0 0 2 0 0 0 1 0 0 0 0 0 0 0 0 0 0 0 0 0 0 0 0 0 0 0 0 0 0 0 0 0 0 0 0 0 0 0 0 0 0 0 0 0 0 0 0 1 0 0 0 0 0 0 0 0 0 0 0 0 0 0 0 0 0 0 0 0 0 0 0 0 0 1 0 0 0 0 0 0 0 0 0 0 0 0 1 0 0 0 0 0 0 0 0 0 0 0 0 0 0 0 0 0 0 0 0 0 0 0 0 0 0 0 0 0 0 0 0 0 0 0 0 0 0 0 0 0 0 0 0 0 0 0 0 0 0 0 0 0 0 0 0 0 0 0 0 0 0 0 0 0 0 0 0 0 0 0 0 0 0 0 0 0 0 0 0 0 0 0 0 0 0 0 0 0 0 0 0 0 0 0 0 0 0 0 0 0 0 0 0 0 0 0 0 0 0 0 0 0 0 0 0 0 0 0 0 0 0 0 0 0 0 0 0 0 0 0 0 0 0 0 0 0 0 0 0 0 0 0 0 0 0 0 0 0 0 0 0 0 0 0 0 0 0 0 0 0 0 0 0 0 0 0 0 0 0 0 0 0 0 0 0 0 0 0 0 0 0 0 0 0 0 0 0 0 0 0 0 0 0 0 0 0 0 0 0 0 0 0 0 0 0 0 0 0 0 0 0 0 0 0 0 0 0 0 0 0 0 0 0 0 0 0 0 0 0 0 0 0 0 0 0 0 0 0 0 0 0 0 0 0
fate absorb_si count 0 frac 0 mean_path_mm 0 under 0 over 0
counts 0 0 0 0 0 0 0 0 0 0 0 0 0 0 0 0 0 0 0 0 0 0 0 0 0 0 0 0 0 0 0 0 0 0 0 0 0 0 0 0 0 0 0 0 0 0 0 0 0 0 0 0 0 0 0 0 0 0 0 0 0 0 0 0 0 0 0 0 0 0 0 0 0 0 0 0 0 0 0 0 0 0 0 0 0 0 0 0 0 0 0 0 0 0 0 0 0 0 0 0 0 0 0 0 0 0 0 0 0 0 0 0 0 0 0 0 0 0 0 0 0 0 0 0 0 0 0 0 0 0 0 0 0 0 0 0 0 0 0 0 0 0 0 0 0 0 0 0 0 0 0 0 0 0 0 0 0 0 0 0 0 0 0 0 0 0 0 0 0 0 0 0 0 0 0 0 0 0 0 0 0 0 0 0 0 0 0 0 0 0 0 0 0 0 0 0 0 0 0 0 0 0 0 0 0 0 0 0 0 0 0 0 0 0 0 0 0 0 0 0 0 0 0 0 0 0 0 0 0 0 0 0 0 0 0 0 0 0 0 0 0 0 0 0 0 0 0 0 0 0 0 0 0 0 0 0 0 0 0 0 0 0 0 0 0 0 0 0 0 0 0 0 0 0 0 0 0 0 0 0 0 0 0 0 0 0 0 0 0 0 0 0 0 0 0 0 0 0 0 0 0 0 0 0 0 0 0 0 0 0 0 0 0 0 0 0 0 0 0 0 0 0 0 0 0 0 0 0 0 0 0 0 0 0 0 0 0 0 0 0 0 0 0 0 0 0 0 0 0 0 0 0 0 0 0 0 0 0 0 0 0 0 0 0 0 0 0 0 0 0 0 0 0 0 0 0 0 0 0 0 0 0 0 0 0 0 0 0 0 0 0 0 0 0 0 0 0 0 0 0
fate absorb_other count 78 frac 4.10446e-05 mean_path_mm 152.308 under 0 over 0
counts 0 0 0 0 0 0 0 0 0 0 0 0 5 8 4 1 2 4 2 2 3 1 1 0 4 2 1 3 3 1 4 1 3 1 3 3 1 3 2 1 0 0 0 0 1 0 0 0 0 1 0 0 0 1 0 0 0 0 1 0 1 0 0 0 0 0 0 0 0 0 0 0 0 1 0 0 0 0 0 0 0 0 1 0 0 0 0 0 0 0 0 0 0 0 0 0 0 0 0 0 0 0 0 0 0 0 0 0 0 0 0 0 0 0 0 0 0 0 0 0 0 0 0 1 0 0 0 0 0 0 0 0 0 0 0 0 0 0 0 0 0 0 0 0 0 0 0 0 0 0 0 0 0 0 0 0 0 0 0 0 0 0 0 0 0 0 0 0 1 0 0 0 0 0 0 0 0 0 0 0 0 0 0 0 0 0 0 0 0 0 0 0 0 0 0 0 0 0 0 0 0 0 0 0 0 0 0 0 0 0 0 0 0 0 0 0 0 0 0 0 0 0 0 0 0 0 0 0 0 0 0 0 0 0 0 0 0 0 0 0 0 0 0 0 0 0 0 0 0 0 0 0 0 0 0 0 0 0 0 0 0 0 0 0 0 0 0 0 0 0 0 0 0 0 0 0 0 0 0 0 0 0 0 0 0 0 0 0 0 0 0 0 0 0 0 0 0 0 0 0 0 0 0 0 0 0 0 0 0 0 0 0 0 0 0 0 0 0 0 0 0 0 0 0 0 0 0 0 0 0 0 0 0 0 0 0 0 0 0 0 0 0 0 0 0 0 0 0 0 0 0 0 0 0 0 0 0 0 0 0 0 0 0 0 0 0 0 0 0 0 0 0 0 0 0 0 0 0 0 0 0 0 0 0 0 0 0 0 0 0 0 0 0 0 0 0 0 0 0 0
fate kill_world count 659845 frac 0.347219 mean_path_mm 79.1333 under 0 over 70
counts 26300 52496 23079 47262 19895 36804 32451 33681 24308 23904 20899 21923 17861 20462 15209 16805 13798 13725 12144 12039 9880 10630 8176 9208 7779 8548 7021 7514 6523 6856 5360 5906 4729 4995 4171 4383 3684 3748 3237 3344 2644 2948 2352 2449 2155 2065 1767 1830 1530 1620 1407 1447 1190 1218 1005 1130 973 965 844 935 750 796 661 688 595 602 553 544 428 540 397 447 383 373 281 341 284 296 250 291 247 260 216 253 180 199 166 204 170 186 155 153 127 139 106 129 104 94 103 94 89 92 86 94 81 105 89 80 88 84 74 72 62 56 52 49 69 85 45 52 50 48 54 59 45 51 61 55 47 49 46 47 49 42 47 55 47 46 59 65 44 46 35 30 54 39 33 44 38 31 42 37 31 20 22 19 26 31 21 20 28 23 12 11 13 23 9 20 12 16 12 14 7 13 12 17 14 11 5 8 7 9 9 11 1 5 5 2 7 5 6 3 2 5 7 1 3 6 2 6 3 5 4 2 5 5 2 0 3 5 2 3 0 2 3 2 2 1 3 1 1 2 2 6 4 1 0 2 1 0 3 1 3 3 0 2 2 4 1 3 1 1 3 1 1 2 2 3 2 1 3 0 1 1 0 2 1 1 1 0 0 1 1 1 1 4 1 0 2 2 1 1 0 0 0 1 0 0 0 0 2 0 2 0 1 0 0 1 0 1 0 1 1 1 1 1 1 1 1 0 2 3 1 2 1 0 1 0 0 0 0 0 1 0 1 2 1 2 0 0 1 0 1 1 0 2 0 0 0 1 0 1 0 1 2 0 0 2 1 1 0 1 0 1 1 0 0 0 1 0 0 0 0 1 0 1 0 0 0 1 0 0 1 0 1 1 2 0 0 1 1 0 0 0 1 0 0 0 1 0 0 1 1 0 0 1 1 0 0 0 0 0 0 1 0 1 0 2 1 0
fate kill_other count 231934 frac 0.122047 mean_path_mm 181.264 under 0 over 1639
counts 0 0 0 0 0 0 836 3591 7310 9361 9067 9346 9111 8952 7498 6606 5748 4882 4407 4421 4941 5067 5798 5956 6272 5715 5673 5602 5676 5653 5164 4607 4181 3750 3554 3217 2844 2691 2468 2230 2197 2056 1913 1687 1577 1465 1408 1424 1234 1197 1019 1021 974 931 843 787 806 748 783 706 679 627 600 568 533 516 504 511 470 471 436 395 382 391 333 356 337 277 316 283 299 253 263 250 237 252 238 249 213 200 203 192 191 185 178 180 156 156 179 162 131 172 138 173 145 136 128 139 127 101 138 114 115 142 120 105 92 112 113 96 101 97 90 89 78 98 94 88 90 82 91 85 66 76 82 86 72 78 73 83 80 66 66 72 74 70 76 59 65 58 55 64 53 62 68 48 62 40 49 52 57 53 46 52 42 55 46 45 53 55 40 51 50 49 47 41 41 42 45 52 39 40 37 43 39 35 27 46 55 38 34 36 23 37 32 24 36 22 30 32 25 37 32 48 32 31 26 32 34 28 28 30 29 21 28 29 16 17 28 21 23 28 30 30 27 23 16 15 26 28 23 34 20 19 25 31 19 20 21 32 17 16 23 24 20 18 23 17 22 30 20 18 18 24 19 22 14 14 25 18 13 14 11 14 20 11 15 17 20 17 20 14 15 17 19 19 16 16 14 18 20 16 22 10 11 14 14 23 13 12 11 7 17 8 15 9 16 10 17 18 16 14 10 17 11 13 13 17 16 9 12 12 11 7 10 7 8 19 10 9 16 12 12 13 7 8 6 4 13 6 12 13 12 11 12 10 5 6 9 6 6 5 8 10 13 8 11 13 7 13 8 9 8 6 8 6 7 4 7 8 8 7 7 4 5 9 8 10 16 5 4 6 7 7 6 5 9 3 10 3 7 11 6 4 7 6 8 11 8 12 5 8 13 8 12 5 7 4 10 4
