# CBDsim optical photon total track-length histogram
nbins 400
xmax_mm 2000
nfates 9
total_tracks 1905219
mean_path_mm_all 252.6
hist total under 0 over 14562
counts 29852 27919 26535 24778 50090 24626 30711 29311 27390 28399 27606 25904 73077 54782 56407 53466 44215 33982 30173 27468 31997 29478 27668 25514 35122 43680 37206 31993 34133 34712 31600 28253 25148 22302 20282 18253 19459 18044 16570 14142 13348 12036 11009 9968 10734 10019 9487 8638 7583 7159 6363 6022 6865 6368 7383 7159 6737 6974 6407 5588 6089 6100 6261 6309 6255 6036 5510 5025 6246 5712 5564 5452 4997 5048 4976 4776 5279 5027 5518 5057 4996 5097 5489 5371 5803 5286 5079 4883 4922 4961 4911 4679 4902 4328 4025 3911 3755 3898 3785 3778 3791 3389 3001 2840 2859 2779 2710 2873 3039 2653 2484 2362 2444 2402 2260 2480 2580 2612 2343 2360 2284 2257 2288 2550 2876 2707 2626 2602 2452 2455 2269 2433 2646 2539 2318 2196 2092 2002 1882 1975 2289 2163 1954 1917 1737 1639 1636 1595 1749 1761 1689 1628 1563 1411 1408 1382 1410 1547 1568 1593 1423 1309 1299 1314 1385 1518 1495 1551 1416 1383 1308 1290 1322 1303 1344 1291 1198 1200 1189 1115 1097 1121 1116 1109 1115 1081 984 1000 973 955 999 951 977 1000 927 894 863 864 844 840 857 834 854 769 804 809 812 801 786 797 789 793 797 801 708 749 707 672 697 628 698 636 596 591 607 560 630 582 630 604 587 537 601 522 554 600 582 550 533 531 524 521 524 574 532 533 481 453 483 447 487 477 476 487 516 444 445 392 415 398 441 442 457 430 389 404 367 416 348 393 362 403 389 353 301 317 387 353 309 360 302 320 301 301 316 294 306 303 288 300 299 268 260 294 297 311 259 277 281 241 244 255 249 268 251 250 216 233 238 222 219 221 222 213 211 195 211 225 193 215 207 205 218 205 188 210 192 207 197 175 175 171 189 157 187 163 188 183 179 167 150 145 149 146 157 155 155 156 155 152 123 154 141 138 146 146 158 121 131 140 134 131 123 135 117 99 120 129 108 126 129 133 111 120 116 95 116 121 118 113 121 111 90 102 93 96 81 93 107 68 95 93 94 91 99 94 97 99 73 89
fate detected count 104873 frac 0.0550451 mean_path_mm 218.09 under 0 over 403
counts 0 0 0 0 0 0 0 0 0 0 0 25 8332 4709 4648 5489 4685 2972 2198 1755 1498 1243 1132 912 3394 5633 4527 3396 2845 3185 2999 2759 2110 1718 1411 1262 1287 1202 1003 755 623 573 538 513 413 412 379 270 265 192 208 209 181 224 402 294 284 401 358 320 228 279 292 300 309 251 269 223 318 281 322 349 237 218 195 202 152 202 319 276 211 196 239 250 301 232 220 228 258 264 216 230 208 176 186 184 160 167 157 185 114 125 105 103 121 78 92 96 79 84 65 77 102 80 78 68 58 63 77 72 77 96 76 79 87 100 104 130 117 120 118 115 111 105 94 90 106 98 72 82 88 81 90 68 80 61 68 69 49 50 57 63 47 46 55 50 38 39 47 43 52 38 34 47 44 55 49 58 54 56 47 58 61 48 47 49 42 45 47 44 38 41 40 31 40 41 32 31 33 24 30 21 34 35 31 31 37 35 26 30 26 20 32 29 26 24 33 32 29 24 22 30 35 30 32 29 27 26 27 19 27 15 21 18 19 20 25 20 15 22 22 15 23 18 14 25 23 12 17 16 21 18 15 23 15 14 18 12 23 12 17 17 14 12 16 19 20 15 11 20 19 13 18 20 23 11 12 13 12 7 9 10 14 16 11 23 11 16 11 8 11 17 8 7 16 9 17 15 9 10 13 15 7 8 5 11 14 11 10 7 11 8 5 19 9 9 5 11 11 5 11 7 7 5 7 4 8 13 4 1 6 6 6 5 10 6 11 10 5 6 7 3 6 7 2 2 6 9 5 6 3 7 3 5 7 4 3 4 5 6 8 4 3 6 3 5 2 4 6 5 9 5 3 5 4 4 4 5 1 5 6 3 4 5 4 3 2 3 4 1 8 3 3 2 8 2 4 3 3 2 3 3 10 1 3 5 4 3 3 0
fate qe_reject count 387331 frac 0.2033 mean_path_mm 218.122 under 0 over 1404
counts 0 0 0 0 0 0 0 0 0 0 0 79 30495 17192 17613 20724 17185 11093 7864 6803 5681 4521 4012 3304 12008 20391 16352 12473 10675 11911 11024 9851 8425 6288 5156 4510 4661 4331 3855 2846 2539 2201 2000 1769 1631 1640 1417 994 962 844 753 681 640 803 1416 1126 1048 1540 1399 1074 833 1012 1046 1132 1211 1104 957 829 1243 1015 1126 1199 837 786 760 694 642 783 1195 957 818 740 821 973 1078 872 873 852 926 901 863 776 739 690 655 671 636 715 600 630 521 461 420 423 405 349 330 296 313 281 266 278 396 357 293 273 228 290 257 298 292 298 283 295 338 367 416 482 453 425 402 389 378 361 341 341 348 288 330 343 337 320 287 285 237 197 235 212 201 194 196 178 200 187 178 179 160 158 180 200 169 161 154 150 169 173 177 194 188 221 195 207 193 188 179 190 172 166 183 162 154 154 161 181 151 170 140 131 133 127 112 114 143 140 124 120 103 105 110 117 98 91 102 87 90 102 124 95 112 113 103 111 106 104 112 104 107 90 103 85 85 100 78 83 79 84 87 64 85 70 64 73 84 64 78 73 51 71 68 69 63 67 72 59 56 52 70 52 65 64 61 63 58 63 65 60 57 49 56 50 45 42 63 50 60 50 44 61 58 39 56 51 54 44 38 38 53 35 35 38 38 44 47 42 54 44 36 46 43 48 40 36 36 43 45 43 40 28 40 39 34 35 29 37 28 37 27 43 22 27 35 31 30 34 21 33 33 19 25 17 25 21 24 22 20 36 18 18 17 17 16 17 27 17 20 16 18 14 32 21 23 18 21 9 18 15 18 11 17 11 18 19 13 16 16 24 27 15 16 15 15 15 14 13 14 17 18 15 16 12 21 22 12 13 21 9 16 20 18 11 13 15 8 11 10 13 8 13 8 7 9 12 15 14 10 12 10 17 10 13
fate absorb_scint count 137114 frac 0.0719676 mean_path_mm 315.521 under 0 over 4005
counts 4113 4099 3945 3867 3721 3731 3372 3045 2821 2692 2507 2331 2269 2062 2058 1956 1959 1914 1825 1652 1569 1560 1471 1391 1344 1305 1189 1119 1146 1073 1062 1024 961 907 928 897 931 909 893 835 836 865 884 840 779 817 796 826 780 782 745 739 705 724 713 700 674 672 710 657 652 637 630 573 581 544 574 546 558 508 512 511 512 484 488 483 459 444 429 435 378 409 399 366 400 378 374 336 367 340 318 327 375 324 329 325 330 310 312 286 322 302 300 284 283 274 248 283 290 250 255 260 252 267 229 238 232 225 223 215 231 214 219 196 236 195 176 190 199 173 167 205 200 161 188 186 190 165 149 153 183 174 162 163 167 169 152 147 143 143 141 145 146 137 125 135 116 110 130 136 117 123 121 138 114 122 114 128 116 111 102 106 90 91 114 110 94 79 101 80 95 95 91 84 105 75 94 92 90 82 82 65 84 84 90 87 65 63 62 66 69 78 75 58 66 73 73 67 65 56 87 64 49 67 54 60 71 60 59 55 60 54 55 56 45 52 61 52 52 47 65 56 67 41 49 56 60 40 55 51 59 40 33 54 49 40 53 41 42 39 50 40 43 38 40 39 41 34 36 30 34 47 41 45 35 27 42 36 32 38 24 27 34 32 28 32 27 27 27 30 32 28 25 35 27 26 23 28 24 29 35 25 27 31 22 26 23 34 24 26 22 19 13 26 29 25 17 27 19 17 20 19 21 17 33 27 19 26 20 26 23 14 18 17 11 17 17 23 25 18 13 23 14 15 23 21 18 25 19 19 19 17 10 17 11 13 19 18 10 9 10 22 19 19 17 17 13 12 11 14 19 14 14 17 10 15 14 12 13 12 17 14 14 13 23 10 24 14 12 16 8 21 22 16 8 18 11 9 8 4 13 5 13 13 16 23 9 16 10 10
fate absorb_lg count 2456 frac 0.00128909 mean_path_mm 267.172 under 0 over 14
counts 0 0 0 0 0 0 9 37 48 66 76 71 72 66 61 54 61 66 51 50 49 42 47 34 48 43 50 40 44 48 38 30 34 38 32 29 32 19 14 32 21 22 17 12 16 16 14 15 7 8 11 8 8 9 9 15 8 16 8 12 10 5 12 7 10 10 7 4 10 7 5 12 7 15 7 7 6 13 13 9 4 14 14 6 5 2 12 6 9 7 12 5 6 6 6 9 3 8 4 7 4 6 4 4 6 5 5 2 6 2 3 2 0 9 1 2 6 0 2 1 2 6 5 5 5 5 9 8 4 3 4 3 6 2 0 1 1 6 1 1 4 2 0 2 3 3 1 2 5 6 2 3 0 1 7 3 1 1 5 2 1 4 4 1 2 5 0 1 2 1 1 1 3 2 1 1 3 3 0 1 5 0 3 3 2 0 3 1 0 1 0 3 0 1 1 0 1 4 1 1 2 0 1 1 2 1 4 0 1 3 0 0 0 0 1 0 1 0 0 0 1 1 0 1 1 1 1 1 0 1 0 1 0 1 0 1 1 0 1 0 0 0 2 0 1 1 1 0 0 0 2 1 0 1 0 0 0 0 0 1 1 1 0 0 0 1 0 2 0 0 0 0 1 0 0 0 0 0 0 0 0 1 0 1 0 1 0 1 0 0 0 0 1 0 0 1 0 1 0 0 0 0 0 0 0 0 0 0 0 0 1 1 1 0 0 0 1 1 0 0 1 0 1 0 0 1 0 0 0 0 0 1 0 0 0 0 0 0 1 0 1 1 0 0 0 0 0 1 1 0 0 0 0 0 1 0 0 0 0 0 0 0 0 0 0 0 0 0 0 1 0 0 0 0 0 0 0 0 0 0 0 0 0 0 0 1 0 0 0 1 0 0 0 0 0 0 0 0 0 0
fate absorb_glass count 64 frac 3.35919e-05 mean_path_mm 241.406 under 0 over 1
counts 0 0 0 0 0 0 0 0 0 0 0 0 7 1 2 1 2 2 3 0 1 1 0 1 2 2 1 2 4 0 1 1 1 0 3 0 4 2 1 0 0 1 0 0 0 0 1 0 0 0 0 1 0 0 0 1 0 0 0 0 0 0 0 1 1 0 0 0 0 0 1 0 0 0 0 1 1 0 0 0 0 1 0 0 1 0 1 0 0 0 0 0 0 0 1 0 0 0 0 0 0 0 0 0 0 0 0 0 0 0 0 0 0 0 0 0 0 0 0 0 0 0 1 0 1 0 1 0 0 0 0 0 0 0 0 0 0 0 0 0 0 0 0 0 0 0 0 0 0 0 0 0 0 0 0 0 0 0 0 0 0 0 0 0 0 0 0 1 1 0 0 0 0 0 0 0 0 0 0 0 0 0 0 0 0 0 0 0 0 0 0 0 0 0 0 0 0 0 0 0 0 0 0 0 0 0 0 0 0 0 0 0 0 0 0 0 0 0 0 0 0 0 0 0 0 0 0 0 0 0 0 0 0 0 0 0 0 0 0 0 0 0 0 0 0 0 0 0 0 0 0 0 0 0 0 0 0 0 0 0 0 0 0 0 0 0 0 0 0 0 0 0 0 0 0 0 0 0 0 0 0 0 0 0 0 0 0 0 0 0 0 0 0 0 0 0 0 0 0 0 0 0 0 0 0 0 0 0 0 0 0 0 0 0 0 0 0 0 0 0 0 0 0 0 0 0 0 0 0 0 0 0 0 0 0 0 0 0 0 0 0 0 0 0 0 0 0 0 0 0 0 0 0 0 0 0 0 0 0 0 0 0 0 0 0 0 0 0 0 0 0 0 0 0 0 0 0 0 0 0 0 0 0 0 0 0 0 0 0 0 0 0 0 0 0 0 0 0 0 0
fate absorb_si count 0 frac 0 mean_path_mm 0 under 0 over 0
counts 0 0 0 0 0 0 0 0 0 0 0 0 0 0 0 0 0 0 0 0 0 0 0 0 0 0 0 0 0 0 0 0 0 0 0 0 0 0 0 0 0 0 0 0 0 0 0 0 0 0 0 0 0 0 0 0 0 0 0 0 0 0 0 0 0 0 0 0 0 0 0 0 0 0 0 0 0 0 0 0 0 0 0 0 0 0 0 0 0 0 0 0 0 0 0 0 0 0 0 0 0 0 0 0 0 0 0 0 0 0 0 0 0 0 0 0 0 0 0 0 0 0 0 0 0 0 0 0 0 0 0 0 0 0 0 0 0 0 0 0 0 0 0 0 0 0 0 0 0 0 0 0 0 0 0 0 0 0 0 0 0 0 0 0 0 0 0 0 0 0 0 0 0 0 0 0 0 0 0 0 0 0 0 0 0 0 0 0 0 0 0 0 0 0 0 0 0 0 0 0 0 0 0 0 0 0 0 0 0 0 0 0 0 0 0 0 0 0 0 0 0 0 0 0 0 0 0 0 0 0 0 0 0 0 0 0 0 0 0 0 0 0 0 0 0 0 0 0 0 0 0 0 0 0 0 0 0 0 0 0 0 0 0 0 0 0 0 0 0 0 0 0 0 0 0 0 0 0 0 0 0 0 0 0 0 0 0 0 0 0 0 0 0 0 0 0 0 0 0 0 0 0 0 0 0 0 0 0 0 0 0 0 0 0 0 0 0 0 0 0 0 0 0 0 0 0 0 0 0 0 0 0 0 0 0 0 0 0 0 0 0 0 0 0 0 0 0 0 0 0 0 0 0 0 0 0 0 0 0 0 0 0 0 0 0 0 0 0 0 0 0 0 0 0 0 0 0 0 0 0 0 0 0 0 0 0 0 0 0 0 0 0 0 0 0 0 0 0 0 0
fate absorb_other count 70 frac 3.67412e-05 mean_path_mm 221.929 under 0 over 0
counts 0 0 0 0 0 0 0 0 0 0 0 0 7 2 3 0 1 2 2 0 3 0 1 1 3 6 5 2 1 2 4 0 2 1 2 0 2 0 0 0 0 1 0 1 0 0 0 0 0 0 1 0 0 0 0 1 0 0 0 1 0 0 1 0 0 0 0 0 0 0 1 0 0 0 1 0 0 0 0 0 0 0 0 0 1 0 1 0 0 0 1 0 0 0 0 0 0 0 0 0 1 0 0 0 0 0 0 0 0 0 0 0 0 0 0 0 0 0 0 0 0 0 0 0 0 0 0 0 0 0 0 0 0 0 0 0 2 0 0 0 0 0 0 0 0 0 0 0 0 0 0 0 0 0 0 0 0 0 0 0 0 0 0 0 0 0 0 0 0 0 0 0 1 0 0 0 0 1 0 0 0 0 0 0 0 0 0 0 0 0 0 1 0 0 0 0 0 0 0 0 0 0 0 0 0 0 0 0 0 0 0 0 0 0 0 0 0 0 0 0 0 0 0 0 0 0 0 0 0 0 0 0 0 0 0 0 0 0 0 0 0 0 0 0 0 0 0 0 0 0 0 0 0 0 1 0 0 0 0 0 0 0 0 0 0 0 0 0 0 0 0 0 0 0 0 0 0 0 0 0 0 0 0 0 0 0 0 0 0 0 0 0 0 0 0 0 0 0 0 0 0 0 0 0 0 0 0 0 0 0 0 0 0 0 0 0 0 0 0 0 0 0 0 0 0 0 0 0 0 0 0 0 0 0 0 0 0 0 0 0 0 0 0 0 0 0 0 0 0 0 0 0 0 0 0 0 0 0 0 0 0 0 0 0 0 0 0 0 0 0 0 0 0 0 0 0 0 0 0 0 0 0 0 0 0 0 0 0 0 0 0 0 0 0 0 0 0 0 0 0
fate kill_world count 671629 frac 0.352521 mean_path_mm 207.724 under 0 over 2381
counts 25739 23820 22590 20911 46369 20895 26590 21038 15102 13822 12770 11503 20413 17349 15038 10698 8422 7397 6772 6027 11001 10006 8839 8093 7221 5446 4509 4055 7546 7131 6549 5564 5324 4559 3938 3434 5093 4961 4822 3893 3511 3213 2814 2539 3885 3445 3521 3186 2590 2629 2138 1915 3000 2488 2747 2790 2541 2275 1964 1623 2372 2126 2103 2227 2203 2169 1768 1527 2008 1812 1613 1599 1708 1748 1670 1391 1747 1420 1346 1275 1316 1324 1450 1247 1575 1371 1181 1149 1128 1161 1326 1243 1549 1264 1071 980 976 1000 1118 1138 1332 1174 921 891 851 890 992 1162 1313 1042 931 853 767 767 799 990 1143 1014 762 698 611 578 661 783 1004 886 753 672 577 593 558 682 920 850 705 614 567 535 490 578 866 756 667 645 578 518 495 508 703 706 633 595 528 487 446 433 527 596 540 539 446 387 359 359 448 488 511 490 446 395 348 335 427 418 464 396 378 388 327 297 311 365 347 359 351 367 281 303 311 315 339 325 306 307 258 262 274 281 286 264 274 273 257 249 236 246 225 249 234 268 254 253 275 265 229 221 207 221 216 206 243 194 191 176 202 177 189 210 216 195 189 162 161 164 169 188 199 182 178 159 147 152 157 173 175 175 160 142 147 119 149 144 154 162 155 132 124 116 123 122 136 156 135 111 103 121 90 111 101 105 113 111 96 96 94 82 129 111 95 114 86 102 84 80 98 85 106 88 98 88 76 72 83 95 94 88 69 79 63 57 67 89 74 80 62 66 58 56 82 57 58 70 67 60 51 53 54 63 62 68 59 62 74 57 61 56 50 63 60 62 45 47 62 52 57 47 54 54 49 36 40 23 45 49 47 41 44 50 50 51 28 44 34 40 38 37 45 34 37 38 37 37 37 43 34 27 36 44 30 30 28 31 31 32 26 23 25 33 26 32 38 24 28 20 25 26 20 33 31 19 20 29 18 28 18 23 36 28 13 23
fate kill_other count 601682 frac 0.315807 mean_path_mm 316.511 under 0 over 6354
counts 0 0 0 0 0 0 740 5191 9419 11819 12253 11895 11482 13401 16984 14544 11900 10536 11458 11181 12195 12105 12166 11778 11102 10854 10573 10906 11872 11362 9923 9024 8291 8791 8812 8121 7449 6620 5982 5781 5818 5160 4756 4294 4010 3689 3359 3347 2979 2704 2507 2469 2331 2120 2096 2232 2182 2070 1968 1901 1994 2041 2177 2069 1940 1958 1935 1896 2109 2089 1984 1782 1696 1797 1855 1998 2272 2165 2216 2105 2269 2413 2566 2529 2442 2431 2417 2312 2234 2288 2175 2098 2025 1868 1777 1742 1650 1698 1594 1532 1497 1321 1251 1135 1193 1183 1043 1034 1038 994 964 892 927 922 860 909 913 1020 1022 1076 1071 1065 1043 1192 1205 1154 1167 1120 1102 1141 1020 1039 1031 1060 990 964 878 910 840 818 811 830 748 754 672 691 685 657 648 662 660 644 642 553 597 582 568 643 666 673 638 596 627 619 608 675 644 679 609 599 615 583 547 556 539 545 509 518 531 531 494 466 474 451 466 428 434 442 406 406 436 422 410 433 423 394 383 376 359 362 388 372 387 345 384 363 353 358 345 333 323 335 332 335 280 335 294 275 292 263 282 272 251 257 261 226 267 235 262 269 247 230 266 234 244 257 248 245 214 236 234 244 245 265 236 251 179 206 206 213 208 212 207 211 239 194 203 178 189 175 206 183 200 204 168 194 179 193 145 204 160 204 190 165 130 142 167 164 141 170 135 128 137 136 121 129 124 125 114 125 135 120 106 117 131 142 113 124 144 112 110 104 128 106 123 113 109 96 104 116 94 93 96 97 99 78 96 103 82 103 93 102 95 104 86 94 96 93 90 72 94 80 80 66 85 77 92 81 73 85 64 79 70 66 74 82 71 72 72 75 59 65 72 57 71 63 71 56 61 68 54 60 55 57 55 36 48 53 48 66 57 63 50 57 42 50 49 51 58 53 54 48 29 53 42 36 38 35 57 35 50 44 38 35 52 31 38 35 37 43
