# CBDsim optical photon total track-length histogram
nbins 400
xmax_mm 2000
nfates 9
total_tracks 1909465
mean_path_mm_all 140.13
hist total under 0 over 6159
counts 30327 56835 26654 25109 35497 36429 31490 34863 37210 31370 29739 32916 97217 89325 79230 68955 59840 53136 41711 37602 37743 31406 27897 26294 56152 53444 48830 43320 41649 40361 38699 34718 33904 28758 27698 25684 23308 21235 19248 17155 15702 14084 12608 12323 11335 9850 9527 9145 8232 7704 7549 6792 6433 6272 5610 5448 5302 4744 4526 4599 4130 3943 3749 3532 3370 3264 2837 3011 2991 2623 2517 2519 2306 2232 2222 1948 2007 1956 1773 1701 1757 1521 1577 1583 1476 1385 1449 1279 1295 1245 1189 1110 1127 1008 1019 1043 905 945 918 917 875 913 835 824 877 729 714 722 695 689 694 639 668 655 552 557 577 575 504 531 498 469 476 443 480 452 429 417 447 416 370 422 370 362 378 349 362 391 369 338 348 339 308 331 313 307 278 305 293 273 271 272 240 279 261 266 192 229 202 205 198 214 217 199 185 173 207 160 197 183 173 181 183 169 164 168 156 172 173 166 149 159 134 132 119 145 134 135 120 142 121 126 125 145 100 127 113 103 114 104 120 119 103 104 110 91 99 111 89 107 105 100 75 96 97 88 100 89 96 76 94 86 82 72 79 78 79 81 80 89 79 80 77 55 68 72 70 58 63 70 61 73 65 60 69 64 54 67 67 60 44 65 55 56 54 54 59 60 55 61 59 46 61 50 50 49 58 56 47 53 53 50 43 55 51 49 44 52 51 57 40 41 51 45 36 54 35 36 40 47 44 48 53 48 46 40 43 48 44 37 34 38 41 42 34 34 38 39 32 29 41 35 36 24 35 32 37 38 32 43 32 30 41 29 30 30 26 25 35 25 18 38 33 39 28 24 32 38 34 25 30 32 26 21 25 27 25 22 28 28 19 27 29 30 33 30 30 27 17 24 25 32 20 27 21 29 18 21 30 28 33 30 30 26 25 27 22 26 27 19 22 24 19 25 24 23 19 16 22 22 20 20 19 23 21 30 28 24 30 21
fate detected count 191034 frac 0.100046 mean_path_mm 149.286 under 0 over 317
counts 0 0 0 0 0 0 0 0 0 0 0 98 14608 13143 11039 9861 7945 6950 5066 4190 4016 3296 2533 1876 8450 8238 7047 6342 5998 5554 5328 4697 4634 3910 3723 3394 3174 2791 2473 2224 1895 1681 1470 1450 1187 1146 1036 1001 917 814 786 695 672 613 571 552 518 496 434 436 414 391 323 338 289 276 229 250 279 223 220 186 200 200 177 160 163 166 158 113 135 143 132 102 119 98 101 94 93 101 103 88 99 81 84 72 62 65 70 61 62 77 72 49 60 53 59 58 55 45 51 49 44 45 38 45 41 30 41 48 41 32 41 34 36 48 32 24 34 32 25 28 26 23 11 28 22 32 31 22 17 38 26 20 18 18 16 23 25 21 21 13 20 19 12 22 10 20 14 13 16 17 14 11 13 15 14 9 11 16 11 8 7 15 9 16 10 10 7 17 9 18 10 5 8 11 11 10 10 15 10 8 14 11 9 6 3 6 13 9 9 11 3 9 7 8 7 10 11 7 11 5 3 9 7 4 4 5 7 6 5 3 6 3 3 8 4 8 5 8 8 8 3 4 7 3 6 7 4 6 6 6 4 5 5 8 2 3 3 6 2 3 6 2 4 3 7 4 0 4 1 3 1 4 4 3 5 2 0 4 2 5 2 5 1 3 3 1 8 6 1 4 7 5 2 2 1 2 4 4 2 2 2 3 2 2 4 2 2 5 4 4 4 2 1 2 3 3 3 4 3 4 1 3 3 1 2 2 0 2 3 1 2 3 1 2 5 4 5 3 0 1 2 2 1 1 2 3 4 0 1 2 2 1 1 0 1 0 1 1 2 1 2 0 2 1 1 2 0 1 2 0 2 3 2 3 0 1 1 4 2 4 2 1 3 3 4 1 0 1 2 1 1 2 1 1 4 0 0 1 0 2 2 1 0 1 3 0 2 2
fate qe_reject count 701635 frac 0.367451 mean_path_mm 151.525 under 0 over 1353
counts 0 0 0 0 0 0 0 0 0 0 1 384 52700 47595 41307 35666 28662 25265 18290 15197 14474 11840 9013 7197 31240 29742 25776 22382 21342 20657 20681 18086 17580 14556 14201 12591 11700 10344 8801 8095 7157 5850 5474 5355 4685 4058 3962 3581 3316 3030 2849 2667 2446 2291 2109 1936 1799 1762 1620 1608 1448 1440 1270 1222 1133 1082 911 975 994 852 755 750 771 690 674 614 601 581 564 536 522 465 481 475 463 401 421 374 386 374 336 343 296 298 303 304 285 287 256 263 247 240 239 231 226 217 192 196 211 187 181 186 166 166 165 157 139 175 137 146 149 151 128 129 123 127 131 141 104 104 92 123 118 92 103 90 89 99 93 104 100 89 92 80 77 92 82 85 66 77 76 81 66 78 78 66 64 52 57 66 49 65 49 70 49 40 58 51 50 58 47 51 64 52 48 54 48 49 57 41 42 32 45 42 41 37 37 39 36 44 30 40 39 37 24 43 29 30 33 22 34 39 30 32 40 34 22 35 30 41 26 27 23 29 31 27 34 27 31 22 25 28 31 19 26 24 22 15 23 21 23 27 23 17 21 27 20 21 28 16 11 22 21 20 18 22 20 23 20 9 13 17 22 15 13 15 11 19 13 17 17 13 18 11 11 14 20 13 17 15 13 12 12 18 15 13 11 17 14 16 14 10 10 16 17 12 14 14 16 14 15 15 21 18 12 6 16 14 7 12 6 7 10 12 11 10 10 10 9 7 8 7 8 3 12 13 16 11 13 12 7 9 10 6 6 11 2 2 15 4 7 7 8 13 11 10 11 11 5 9 11 10 7 6 8 9 9 5 6 9 6 12 11 9 8 11 11 9 5 5 10 9 5 8 7 8 5 8 5 9 7 8 9 12 9 8 5 7 4 4 6 9 7 8 6 7 3 6 6 6 6 6 8 6 8 10 6 3 7 4
fate absorb_scint count 84215 frac 0.044104 mean_path_mm 180.2 under 0 over 2052
counts 4301 3947 3897 3826 3670 3590 3431 3142 2865 2571 2371 2236 2096 2032 2018 1764 1784 1699 1677 1530 1402 1270 1247 1062 1060 927 845 745 693 724 618 580 543 531 471 469 402 440 381 363 372 331 324 291 303 273 254 262 251 244 199 236 206 189 190 169 164 174 178 136 169 126 123 145 150 151 150 128 116 129 118 101 113 111 117 86 108 112 90 78 92 98 75 71 83 66 84 90 80 61 69 66 64 62 56 62 50 60 56 56 41 67 58 47 45 53 37 37 55 48 39 53 48 46 36 47 38 41 42 34 40 24 35 30 35 29 43 34 29 35 33 30 33 30 30 22 31 31 33 31 23 31 24 40 35 17 19 24 24 31 32 21 28 25 26 24 19 21 27 16 24 14 21 20 24 14 16 20 23 24 12 18 18 15 16 19 15 14 26 19 13 28 9 23 11 17 15 24 9 11 21 15 16 22 17 11 19 16 14 16 13 26 10 22 10 12 17 14 12 19 17 11 8 11 17 9 13 13 17 14 16 12 10 8 11 7 14 13 15 15 16 9 9 8 6 12 8 8 6 8 12 11 10 12 10 6 11 12 11 11 6 7 8 13 15 8 7 12 13 12 10 9 14 4 10 10 10 11 14 12 13 5 9 7 8 8 10 8 6 8 4 7 5 6 4 8 6 7 6 3 7 12 14 9 7 10 5 9 10 5 6 4 8 8 9 7 7 9 5 8 10 4 6 8 7 4 7 11 4 12 9 4 8 4 7 5 5 2 5 2 3 7 6 6 8 3 9 7 8 4 5 6 3 3 7 6 7 7 7 2 6 6 6 5 6 7 5 6 4 7 3 6 4 5 4 5 4 4 10 5 7 7 7 2 4 5 4 3 7 6 4 6 7 2 5 5 4 4 5 2 4 4 4 8 7 11 9 11 10 5
fate absorb_lg count 1580 frac 0.000827457 mean_path_mm 169.323 under 0 over 6
counts 0 0 0 0 0 0 10 28 36 50 67 71 65 75 57 54 41 27 31 18 29 43 40 40 52 45 38 39 48 32 44 32 35 27 23 16 21 14 17 8 11 15 8 10 11 4 8 8 9 5 9 9 8 8 3 5 4 4 7 10 6 2 1 2 2 4 2 2 4 3 1 4 0 2 0 3 1 2 4 2 2 2 0 3 2 2 1 1 2 1 1 2 4 3 2 4 0 0 3 1 1 0 1 0 2 1 2 1 0 2 2 0 1 1 0 3 1 0 0 0 2 0 0 0 1 0 0 0 1 1 1 0 0 0 1 0 1 0 1 0 0 1 1 1 0 1 0 0 1 1 0 0 1 1 1 0 0 0 0 1 0 0 1 1 0 0 0 0 0 0 0 0 0 0 1 0 0 0 0 0 1 0 0 0 0 0 0 2 1 0 0 0 0 1 0 0 0 1 0 2 1 0 0 0 0 0 0 0 0 0 0 0 0 0 0 0 0 0 0 0 0 0 0 0 0 0 0 0 1 1 0 0 0 0 0 0 0 0 0 0 0 0 0 0 0 0 0 1 0 0 0 0 0 0 1 0 0 1 0 0 0 0 0 0 0 0 0 0 0 0 0 0 0 0 0 0 0 0 0 1 0 1 0 0 0 0 0 0 0 0 0 0 0 0 1 0 0 0 0 0 0 1 0 0 0 0 0 0 0 0 0 0 0 0 0 0 0 0 0 0 0 1 0 0 0 0 0 0 0 0 0 0 0 0 0 0 0 0 0 0 0 0 0 0 0 0 0 0 0 0 0 0 0 0 0 0 0 0 0 1 0 0 0 0 0 0 0 0 0 0 0 0 0 1 0 0 0 1 0 0 0 0 0 0 0 0 0 0 0 0 0 0 0 0 0 0 0 0 0 0
fate absorb_glass count 78 frac 4.08491e-05 mean_path_mm 166.346 under 0 over 1
counts 0 0 0 0 0 0 0 0 0 0 0 1 5 4 2 5 5 1 2 2 3 3 1 1 0 2 4 2 3 5 2 3 2 0 1 3 3 0 3 0 0 0 1 0 1 0 0 2 0 0 0 0 0 0 0 0 1 0 0 0 0 1 0 0 0 1 0 0 0 0 0 1 0 0 0 0 0 0 0 0 0 0 0 0 0 0 0 0 0 0 0 0 0 0 0 0 0 0 0 0 0 0 0 0 0 0 0 0 0 0 0 0 0 0 0 0 0 0 0 0 0 0 0 0 0 0 0 0 0 0 0 0 0 0 0 0 0 0 0 0 0 0 0 1 0 0 0 0 0 0 0 0 0 0 0 0 0 0 0 0 0 0 0 0 0 0 0 0 0 0 0 0 0 0 0 0 0 0 0 0 0 0 0 0 0 0 0 0 0 0 0 0 0 0 0 0 0 0 0 0 0 0 0 0 0 0 0 0 0 0 0 0 0 0 0 0 0 0 0 0 0 0 0 0 0 0 0 0 0 0 0 0 0 0 0 0 0 0 0 0 0 0 0 0 0 0 0 0 0 0 0 0 0 0 0 0 0 0 0 0 0 0 0 0 0 0 0 0 0 0 0 0 0 0 0 0 0 0 0 0 0 0 0 0 0 0 0 0 0 0 0 0 0 0 0 0 0 0 0 0 0 0 0 0 0 0 0 0 0 0 0 0 0 0 0 0 0 0 0 0 0 0 0 0 0 0 0 0 0 0 0 0 0 0 0 0 0 0 0 0 0 0 0 0 0 0 0 0 0 0 0 0 0 0 0 0 0 0 0 0 0 0 0 0 0 0 0 0 0 0 0 0 0 0 0 0 0 0 0 0 0 0 0 0 0 0 0 0 0 0 0 0 0 0 0 0 0 0 0 0
fate absorb_si count 0 frac 0 mean_path_mm 0 under 0 over 0
counts 0 0 0 0 0 0 0 0 0 0 0 0 0 0 0 0 0 0 0 0 0 0 0 0 0 0 0 0 0 0 0 0 0 0 0 0 0 0 0 0 0 0 0 0 0 0 0 0 0 0 0 0 0 0 0 0 0 0 0 0 0 0 0 0 0 0 0 0 0 0 0 0 0 0 0 0 0 0 0 0 0 0 0 0 0 0 0 0 0 0 0 0 0 0 0 0 0 0 0 0 0 0 0 0 0 0 0 0 0 0 0 0 0 0 0 0 0 0 0 0 0 0 0 0 0 0 0 0 0 0 0 0 0 0 0 0 0 0 0 0 0 0 0 0 0 0 0 0 0 0 0 0 0 0 0 0 0 0 0 0 0 0 0 0 0 0 0 0 0 0 0 0 0 0 0 0 0 0 0 0 0 0 0 0 0 0 0 0 0 0 0 0 0 0 0 0 0 0 0 0 0 0 0 0 0 0 0 0 0 0 0 0 0 0 0 0 0 0 0 0 0 0 0 0 0 0 0 0 0 0 0 0 0 0 0 0 0 0 0 0 0 0 0 0 0 0 0 0 0 0 0 0 0 0 0 0 0 0 0 0 0 0 0 0 0 0 0 0 0 0 0 0 0 0 0 0 0 0 0 0 0 0 0 0 0 0 0 0 0 0 0 0 0 0 0 0 0 0 0 0 0 0 0 0 0 0 0 0 0 0 0 0 0 0 0 0 0 0 0 0 0 0 0 0 0 0 0 0 0 0 0 0 0 0 0 0 0 0 0 0 0 0 0 0 0 0 0 0 0 0 0 0 0 0 0 0 0 0 0 0 0 0 0 0 0 0 0 0 0 0 0 0 0 0 0 0 0 0 0 0 0 0 0 0 0 0 0 0 0 0 0 0 0 0 0 0 0 0 0 0
fate absorb_other count 78 frac 4.08491e-05 mean_path_mm 166.282 under 0 over 0
counts 0 0 0 0 0 0 0 0 0 0 0 0 6 7 4 2 5 1 1 0 3 0 2 0 6 1 4 1 2 2 2 6 1 3 0 1 1 0 3 1 3 1 0 0 0 0 0 0 0 0 1 1 0 0 0 0 0 0 1 0 0 0 0 0 0 0 0 0 0 0 2 0 0 0 0 0 0 0 0 0 0 2 0 0 0 0 0 0 0 0 0 0 0 0 0 1 0 0 0 0 0 0 0 0 0 0 0 0 0 0 0 0 0 0 0 0 0 0 0 0 0 0 0 0 0 0 0 0 0 0 0 0 0 0 0 0 0 0 0 0 0 0 0 0 0 0 0 0 0 0 0 0 0 0 0 0 0 0 0 0 0 0 0 0 0 0 0 0 0 0 0 0 0 0 0 0 0 0 0 0 0 0 0 0 0 0 0 0 0 0 0 0 0 0 0 0 0 0 0 0 0 0 0 0 0 0 0 0 0 0 0 0 0 0 0 0 0 0 0 0 0 0 0 0 0 0 0 0 0 0 0 0 0 0 0 0 0 0 0 0 0 0 0 0 0 0 0 0 0 0 0 0 0 0 0 0 0 0 0 0 0 0 0 0 0 0 0 0 0 0 0 0 0 0 0 0 0 0 0 0 0 0 0 0 0 0 0 0 0 0 0 0 0 0 0 0 0 0 0 0 0 0 0 0 0 0 0 0 0 0 0 0 0 0 0 0 0 0 0 0 0 0 0 0 0 0 0 0 0 0 0 0 0 0 0 0 0 0 0 0 0 0 0 0 0 0 0 0 0 0 0 0 0 0 0 1 0 0 0 0 0 0 0 0 0 0 0 0 0 0 0 0 0 0 0 0 0 0 0 0 0 0 0 0 0 0 0 0 0 0 0 0 0 0 0 0 0 0 0 0
fate kill_world count 634147 frac 0.332107 mean_path_mm 93.0983 under 0 over 250
counts 26026 52888 22757 21283 31827 32838 27008 27869 26958 19784 17473 20087 17474 15971 16522 13395 14236 13221 10376 10865 11750 8114 8524 8895 8113 7603 7751 6731 6894 6476 5720 5757 5533 4569 4627 4853 3840 3860 3915 3289 3127 3050 2638 2722 2646 2071 2235 2240 1801 1899 1894 1554 1628 1548 1357 1455 1434 1111 1169 1178 1022 1012 998 892 865 845 745 836 781 714 673 694 577 599 613 512 536 520 474 431 462 403 412 422 371 396 424 339 328 325 319 279 326 267 252 289 235 222 237 230 251 267 185 223 282 182 193 196 173 172 204 144 175 178 149 121 148 144 110 143 121 102 114 112 121 113 91 86 127 98 97 107 81 119 114 89 98 115 99 80 98 69 61 72 65 82 78 61 74 70 58 62 53 54 56 58 30 44 38 40 44 37 44 33 34 40 50 24 37 26 40 31 36 29 31 26 23 30 20 27 23 24 28 15 18 23 18 18 24 16 18 17 16 27 18 16 11 12 16 12 13 10 12 9 8 6 11 6 12 10 12 14 13 6 9 15 8 9 11 7 6 7 4 6 7 7 7 6 4 7 7 5 4 5 8 4 11 4 4 7 4 6 4 2 5 4 1 7 5 8 1 4 3 1 2 3 6 5 6 5 3 0 4 4 3 2 5 2 3 2 5 3 1 3 0 6 0 2 5 3 2 1 4 3 1 5 1 1 2 1 2 1 3 1 0 4 1 3 0 2 0 1 1 4 1 3 2 2 1 2 2 2 1 1 1 0 1 1 3 2 1 1 1 2 1 0 0 1 1 2 1 2 0 2 0 1 0 2 1 1 2 3 1 0 0 0 1 2 4 1 1 2 0 1 3 1 0 2 2 1 2 0 0 2 1 1 0 0 2 0 0 2 1 2 2 1 2 2 4 0 0 1 1 0 1 0 1 1 1 1 0 1 0 0 0 1 0 3 0 1
fate kill_other count 296698 frac 0.155383 mean_path_mm 196.268 under 0 over 2180
counts 0 0 0 0 0 1 1041 3824 7351 8965 9827 10039 10263 10498 8281 8208 7162 5972 6268 5800 6066 6840 6537 7223 7231 6886 7365 7078 6669 6911 6304 5557 5576 5162 4652 4357 4167 3786 3655 3175 3137 3156 2693 2495 2502 2298 2032 2051 1938 1712 1811 1630 1473 1623 1380 1331 1382 1197 1117 1231 1071 971 1034 933 931 905 800 820 817 702 748 783 645 630 641 573 598 575 483 541 544 408 477 510 438 422 418 381 406 383 361 332 338 297 322 311 273 311 296 306 273 262 280 274 262 223 231 234 201 235 217 207 234 219 164 184 210 185 174 160 145 160 158 138 164 135 132 132 152 146 122 134 112 98 119 120 121 114 112 101 110 111 104 117 118 97 83 112 103 73 84 95 72 102 88 96 69 92 66 69 65 81 88 64 65 64 69 56 76 59 63 73 58 58 59 53 60 69 63 62 61 57 42 47 41 57 53 42 40 56 42 46 40 47 32 51 51 38 38 43 50 33 48 32 45 31 42 46 24 30 39 43 28 41 33 33 41 35 30 27 42 36 31 36 32 32 32 39 32 37 25 31 38 21 26 26 25 18 21 33 28 28 26 21 31 24 20 21 28 26 22 34 16 25 19 25 28 19 23 23 28 21 24 27 22 20 18 28 13 20 20 25 19 22 27 19 20 24 18 23 19 18 25 15 12 27 13 12 12 25 18 18 13 17 24 18 17 20 25 13 18 21 18 16 12 12 16 15 14 8 18 18 20 9 12 14 11 13 12 15 12 14 20 14 15 12 14 16 9 14 7 21 17 16 8 9 10 15 16 11 11 11 13 11 9 12 7 8 10 15 4 6 10 15 14 9 13 8 6 9 8 17 9 9 7 12 9 8 12 10 17 9 11 8 7 10 7 12 12 8 10 7 3 13 11 10 7 5 10 12 10 7 5 8 6 7 10 7 11 9
