# CBDsim optical photon total track-length histogram
nbins 400
xmax_mm 2000
nfates 9
total_tracks 1976416
mean_path_mm_all 158.024
hist total under 0 over 9499
counts 31049 29236 57489 25948 24422 23071 50552 38663 25865 27980 36170 33991 88184 89417 77116 66370 55261 45406 47552 40758 35061 30261 29909 28035 54120 51134 50642 45589 43472 37592 39680 37161 33022 29338 29369 26820 23643 20602 20741 18588 16086 14616 14270 13919 11773 10620 11199 10192 9370 8400 8708 7872 7338 7123 6823 6353 5851 5796 5651 5196 4841 4820 4907 4539 4142 3791 4150 3909 3630 3416 3498 3358 3324 2878 3033 2799 2649 2550 2757 2499 2411 2130 2292 2346 2115 1982 2150 2061 1950 1920 1837 1752 1803 1605 1727 1600 1565 1366 1584 1528 1380 1227 1316 1411 1197 1207 1313 1235 1055 1103 1161 1097 1063 1036 1035 1011 986 864 913 959 843 787 854 849 776 723 801 788 753 718 733 680 693 646 753 665 608 595 632 643 593 582 619 534 564 522 556 503 494 472 514 507 446 457 472 482 450 354 407 393 381 335 403 362 365 339 368 312 351 334 336 308 334 296 292 319 298 297 309 286 288 245 246 249 225 265 239 235 249 263 218 209 228 210 202 213 193 195 210 193 163 180 192 188 177 172 181 172 154 134 150 148 141 173 152 136 138 120 137 120 144 106 145 125 110 128 128 120 117 141 106 134 107 107 104 102 104 106 120 106 81 111 103 112 97 94 82 106 92 88 96 84 80 72 72 77 71 79 84 71 80 79 65 69 67 54 63 73 69 65 75 70 76 68 63 64 50 69 40 71 50 48 62 59 53 52 63 62 45 50 61 50 57 40 46 51 40 44 43 44 63 45 42 38 43 47 48 54 45 44 45 54 56 41 36 41 48 42 28 37 46 34 31 34 41 38 31 37 41 32 45 36 32 35 25 32 37 30 35 29 27 29 36 40 32 34 35 41 24 34 34 27 29 36 30 36 44 34 28 29 34 28 33 29 24 26 17 27 30 34 36 38 32 21 29 26 26 38 26 32 27 31 33 31 31 29 29 41 38 32 27 20 29 28 28 29 29 35 35 23
fate detected count 173793 frac 0.0879334 mean_path_mm 145.742 under 0 over 251
counts 0 0 0 0 0 0 0 0 0 0 0 90 12302 13749 10284 8506 6618 5291 5507 4270 3351 2571 2065 1918 7960 7688 6857 5993 5982 4971 4890 4908 4163 3694 3414 3207 2804 2413 2114 1945 1786 1566 1321 1230 1123 1037 969 801 769 703 630 572 544 493 448 443 412 414 373 356 317 307 301 256 256 204 245 219 199 201 206 174 201 184 161 110 138 126 127 92 105 99 90 107 95 93 100 88 94 111 90 85 72 90 66 69 59 46 61 55 54 41 63 52 40 49 55 38 40 44 50 29 39 32 27 28 34 36 30 28 29 25 21 28 27 24 27 35 30 24 19 19 18 17 25 21 21 20 15 17 22 13 15 19 19 30 22 13 10 23 11 13 10 14 18 18 21 4 13 14 15 11 10 7 15 8 9 10 10 8 12 11 12 8 4 10 12 9 4 18 14 5 8 7 8 5 11 6 8 5 4 8 6 8 5 2 8 5 5 7 1 5 4 5 2 5 8 5 4 4 2 5 8 7 3 5 6 1 6 3 2 4 7 4 0 8 1 4 2 3 5 2 3 3 4 1 2 3 2 3 3 4 3 1 7 4 2 1 2 1 5 4 1 4 1 1 3 5 3 2 1 1 2 4 2 0 1 1 2 2 1 0 1 2 3 3 1 3 0 4 3 3 2 3 4 3 4 2 2 0 1 1 3 3 0 2 2 1 2 0 3 1 0 2 3 2 1 1 2 2 0 1 1 3 1 2 4 1 3 0 1 0 1 2 2 0 1 2 1 0 1 1 3 1 1 0 1 0 0 1 1 0 2 1 0 0 2 3 3 3 0 0 1 1 0 0 3 1 1 1 1 0 3 1 1 0 0 4 1 2 1 3 1 1 1 0 0 1 1 0 0 0 3 2 0 0 2 1 3 0 1 1 1 0 0 0 1 1 0 0
fate qe_reject count 637437 frac 0.322522 mean_path_mm 146.28 under 0 over 1067
counts 0 0 0 0 0 0 0 0 0 0 0 338 45105 49875 37901 31279 25014 19408 19912 15856 12522 9932 7365 7003 28932 27469 24052 21725 21696 18181 17971 17876 15794 13498 12780 12016 10217 8740 8248 7132 6220 5658 4846 4713 4196 3649 3228 3122 3008 2697 2417 2272 2102 2028 1675 1651 1575 1499 1330 1236 1135 1120 1061 984 889 824 849 808 747 725 659 693 728 603 544 460 487 460 468 374 399 357 408 378 377 337 347 323 326 372 310 286 297 270 275 201 193 214 213 195 211 189 190 185 160 194 182 168 170 162 165 144 139 146 120 130 127 121 113 113 112 104 92 100 88 75 108 90 97 95 88 77 88 75 78 70 76 79 68 76 66 75 83 68 81 62 61 64 50 46 54 72 55 46 58 56 52 41 52 50 39 37 34 44 37 42 37 30 39 39 40 33 35 25 21 43 38 33 34 37 31 33 23 32 33 34 23 19 21 20 26 22 28 26 24 36 19 24 31 18 23 21 17 23 15 25 25 19 21 11 19 19 12 22 21 21 8 13 15 20 19 10 15 13 16 10 13 16 13 14 9 11 12 15 9 8 12 14 14 8 4 18 9 6 15 11 8 12 12 13 5 8 12 6 6 10 9 7 10 7 9 9 6 8 5 7 7 7 10 11 7 8 6 4 6 9 2 8 6 11 4 5 6 7 7 5 5 6 8 3 5 3 3 6 4 6 6 7 3 8 5 4 5 7 5 5 8 5 6 4 7 7 6 4 2 3 6 6 4 4 8 3 2 2 4 4 0 3 7 3 6 2 2 4 1 2 1 4 3 2 4 3 3 8 3 4 2 6 1 0 2 3 1 3 1 4 7 3 0 3 4 1 4 4 2 1 1 1 1 3 1 2 4 2 3 5 4 7 4 6 4 3 3 6 3 4 4 8 3 3 2 3 2 4 1 2 1 2 6 5
fate absorb_scint count 94541 frac 0.0478346 mean_path_mm 217.323 under 0 over 2836
counts 4271 4067 3971 4005 3869 3733 3579 3189 2856 2688 2446 2362 2201 2174 2054 1862 1863 1789 1709 1576 1463 1428 1338 1174 1066 945 934 915 832 744 664 623 608 610 535 563 495 475 468 445 429 431 387 387 354 319 340 338 319 277 281 279 270 276 283 263 242 283 201 252 240 243 222 219 190 231 213 209 185 190 188 188 180 153 137 154 170 154 160 129 147 135 115 142 131 129 113 134 102 126 109 111 95 117 118 113 98 82 104 82 84 89 78 99 72 78 87 89 74 77 71 86 71 56 83 61 73 55 63 78 58 60 55 48 73 54 57 47 44 62 50 50 42 71 41 44 55 37 38 41 50 45 51 36 50 40 38 49 46 48 40 35 38 43 42 31 39 34 26 36 30 36 33 33 40 38 27 34 22 32 29 29 29 32 19 29 31 30 36 26 27 24 22 16 24 27 23 32 31 26 24 21 21 25 25 14 21 17 25 28 21 19 24 23 24 19 22 24 17 22 17 19 11 17 19 23 23 15 14 16 17 16 17 12 16 15 26 19 20 15 19 23 21 15 21 9 14 19 19 18 8 14 17 17 16 11 11 25 11 19 16 17 12 13 13 14 9 13 13 12 17 16 14 16 17 11 11 19 10 12 15 17 19 11 8 15 9 18 9 17 10 7 8 8 8 9 15 7 9 14 14 13 12 8 8 6 8 9 13 8 14 9 6 8 8 9 11 15 11 7 9 16 14 12 8 12 17 15 7 11 6 10 10 8 15 15 6 9 14 10 8 8 8 13 9 12 5 15 10 9 6 6 10 7 12 6 9 10 3 10 9 4 11 8 8 9 13 11 11 6 13 7 6 4 5 8 4 9 6 9 11 10 7 6 5 7 13 8 6 7 10 5 10 8 10 12 7 12 5 9 5 3 5 2 10 9 10 10 9 5
fate absorb_lg count 2020 frac 0.00102205 mean_path_mm 177.953 under 0 over 16
counts 0 0 0 0 0 0 7 36 64 68 90 87 65 76 46 66 40 35 49 48 48 59 37 48 51 55 48 48 56 31 37 47 39 39 31 33 28 24 18 16 22 22 18 11 20 14 10 14 8 11 9 8 16 4 4 10 8 11 3 8 8 6 9 5 4 9 3 0 8 3 3 4 3 3 1 4 6 2 2 2 3 1 5 4 5 2 3 2 1 2 1 2 3 0 1 2 3 4 1 0 2 2 0 2 1 2 0 2 1 0 1 2 0 0 0 2 0 1 2 2 0 1 0 0 2 2 0 1 2 1 2 0 0 1 0 0 1 1 0 0 1 0 1 0 1 0 0 1 2 0 1 1 1 2 0 0 1 0 1 1 0 1 0 0 0 0 2 0 0 0 0 0 0 0 0 0 0 2 0 1 0 1 0 1 0 1 0 1 0 0 0 0 0 0 1 0 0 0 0 0 0 1 0 0 0 0 0 0 0 0 0 0 0 0 0 0 0 0 0 0 0 0 0 0 0 0 0 0 0 0 0 0 0 0 0 0 0 0 0 0 0 0 0 1 0 0 0 0 0 0 0 0 0 0 0 0 0 0 0 0 0 0 0 0 0 1 1 0 1 1 0 0 0 0 0 0 1 0 0 0 0 0 0 0 0 0 0 0 0 0 0 0 0 0 0 0 0 0 0 0 0 0 0 0 0 0 0 0 0 0 0 0 0 0 0 0 0 0 0 0 0 0 0 0 0 0 0 0 0 0 0 0 0 0 0 0 0 0 0 0 0 0 0 0 0 0 0 0 0 0 1 0 0 0 0 0 1 0 0 0 0 0 0 0 0 0 0 0 0 0 0 1 0 0 0 0 0 0 0 0 0 1 0 0 0 0 0 0 0 0 0 0 0 0 1 0 0 0 0 0
fate absorb_glass count 82 frac 4.14892e-05 mean_path_mm 178.963 under 0 over 1
counts 0 0 0 0 0 0 0 0 0 0 0 0 5 5 4 1 2 3 1 5 1 3 0 1 2 8 5 0 0 1 1 2 1 1 0 2 4 2 4 4 2 0 0 1 0 1 0 0 0 0 0 0 0 1 1 1 1 0 0 0 0 0 1 0 0 0 0 1 0 0 0 0 0 0 0 1 0 0 0 0 0 0 1 0 0 0 0 0 0 0 0 0 0 0 0 0 0 0 0 0 0 0 0 0 0 0 0 0 0 0 0 0 0 0 0 0 0 0 0 0 0 0 0 0 0 0 0 0 0 0 0 0 0 0 0 0 0 0 0 0 0 0 0 0 0 0 0 0 0 0 0 0 0 0 0 0 0 0 0 0 0 0 0 0 1 0 0 0 0 0 0 0 0 0 0 0 0 0 0 0 0 0 0 0 0 0 0 0 0 0 0 0 0 0 0 0 0 0 0 0 0 0 0 0 0 0 0 0 0 0 0 0 0 0 0 0 0 0 0 0 0 0 0 0 0 0 0 0 0 0 0 0 0 0 0 0 0 0 0 0 0 0 0 0 0 0 0 0 0 0 0 0 0 0 0 0 0 0 0 0 0 0 0 0 0 0 0 0 0 0 0 0 0 0 0 0 0 0 0 0 0 0 0 0 0 0 0 0 0 0 0 0 0 0 0 0 0 0 0 0 0 0 0 0 0 0 0 0 0 0 0 0 0 0 0 0 0 0 0 0 0 0 0 0 0 0 0 0 0 0 0 0 0 0 0 0 0 0 0 0 0 0 0 0 0 0 0 0 0 0 0 0 0 0 0 0 0 0 0 0 0 0 0 0 0 0 0 0 0 0 0 0 0 0 0 0 0 0 0 0 0 0 0 0 0 0 0 0 0 0 0 0 0 0 0 0 0 0 0 0
fate absorb_si count 0 frac 0 mean_path_mm 0 under 0 over 0
counts 0 0 0 0 0 0 0 0 0 0 0 0 0 0 0 0 0 0 0 0 0 0 0 0 0 0 0 0 0 0 0 0 0 0 0 0 0 0 0 0 0 0 0 0 0 0 0 0 0 0 0 0 0 0 0 0 0 0 0 0 0 0 0 0 0 0 0 0 0 0 0 0 0 0 0 0 0 0 0 0 0 0 0 0 0 0 0 0 0 0 0 0 0 0 0 0 0 0 0 0 0 0 0 0 0 0 0 0 0 0 0 0 0 0 0 0 0 0 0 0 0 0 0 0 0 0 0 0 0 0 0 0 0 0 0 0 0 0 0 0 0 0 0 0 0 0 0 0 0 0 0 0 0 0 0 0 0 0 0 0 0 0 0 0 0 0 0 0 0 0 0 0 0 0 0 0 0 0 0 0 0 0 0 0 0 0 0 0 0 0 0 0 0 0 0 0 0 0 0 0 0 0 0 0 0 0 0 0 0 0 0 0 0 0 0 0 0 0 0 0 0 0 0 0 0 0 0 0 0 0 0 0 0 0 0 0 0 0 0 0 0 0 0 0 0 0 0 0 0 0 0 0 0 0 0 0 0 0 0 0 0 0 0 0 0 0 0 0 0 0 0 0 0 0 0 0 0 0 0 0 0 0 0 0 0 0 0 0 0 0 0 0 0 0 0 0 0 0 0 0 0 0 0 0 0 0 0 0 0 0 0 0 0 0 0 0 0 0 0 0 0 0 0 0 0 0 0 0 0 0 0 0 0 0 0 0 0 0 0 0 0 0 0 0 0 0 0 0 0 0 0 0 0 0 0 0 0 0 0 0 0 0 0 0 0 0 0 0 0 0 0 0 0 0 0 0 0 0 0 0 0 0 0 0 0 0 0 0 0 0 0 0 0 0 0 0 0 0 0 0
fate absorb_other count 106 frac 5.36324e-05 mean_path_mm 179.34 under 0 over 0
counts 0 0 0 0 0 0 0 0 0 0 0 0 6 5 6 5 1 3 1 3 0 2 3 1 6 4 4 5 2 3 2 2 3 5 2 3 1 2 1 0 1 0 1 2 0 1 1 0 0 0 0 1 1 1 1 0 1 0 0 0 1 0 0 0 1 0 0 0 0 0 0 0 1 0 0 0 1 0 0 0 0 1 0 0 0 0 0 0 1 1 0 0 0 1 0 0 0 1 0 0 0 0 0 0 0 0 0 0 0 0 0 1 0 0 1 0 0 1 0 0 0 0 0 0 1 0 0 0 0 0 0 0 0 0 0 0 0 0 0 1 0 0 0 0 0 0 0 0 0 0 0 0 0 0 0 0 0 0 0 0 0 0 0 0 0 0 0 0 0 0 0 0 0 0 0 0 0 0 0 0 0 0 0 0 0 0 0 0 0 0 0 0 0 0 0 0 0 0 0 0 0 0 0 0 0 0 0 0 0 0 0 0 0 0 0 0 0 0 0 0 0 0 0 0 0 0 0 0 0 0 0 0 0 0 0 0 0 0 0 0 0 0 0 0 0 0 0 0 0 0 0 0 0 0 0 0 0 0 0 0 0 0 0 0 0 0 0 0 0 0 0 0 0 0 0 0 0 0 0 0 0 0 0 0 0 0 0 0 0 0 0 0 0 0 0 0 0 0 0 0 0 0 0 0 0 0 0 0 0 0 0 0 0 0 0 0 0 0 0 0 0 0 0 0 0 0 0 0 0 0 0 0 0 0 0 0 0 0 0 0 0 0 0 0 0 0 0 0 0 0 0 0 0 0 0 0 0 0 0 0 0 0 0 0 0 0 0 0 0 0 0 0 0 0 0 0 0 0 0 0 0 0 0 0 0 0 0 0 0 0 0 0 0 0 0 0 0 0 0 0
fate kill_world count 669913 frac 0.338953 mean_path_mm 127.379 under 0 over 959
counts 26778 25169 53518 21943 20553 19335 45657 31205 15634 14627 23652 20906 16232 11972 17152 15159 12619 11024 13132 10628 9561 8289 10906 7713 6887 6314 8896 7591 5900 5058 6826 5970 5232 4097 5757 4939 4024 3607 4786 4060 3086 2792 3643 3428 2621 2258 2955 2907 2460 1737 2391 2198 2128 1763 2033 1858 1717 1471 1945 1648 1477 1368 1782 1588 1291 1110 1531 1431 1201 1058 1341 1244 1130 965 1233 1167 993 940 1078 1104 931 762 925 1000 804 725 896 851 774 640 773 717 694 576 724 692 634 519 720 639 533 494 557 549 517 497 546 547 416 454 497 475 424 449 472 451 393 351 413 412 352 356 394 367 337 347 336 361 359 305 309 309 315 275 377 321 272 254 324 294 251 231 279 246 255 209 247 222 208 184 259 234 203 199 223 215 190 131 190 168 162 147 196 155 150 123 149 136 158 130 144 131 120 111 127 130 114 118 117 111 117 95 94 110 71 89 95 89 96 101 87 83 82 71 76 70 68 79 80 73 61 66 72 67 73 73 75 60 59 52 42 59 61 71 57 49 49 48 54 37 61 32 49 50 32 41 53 39 37 46 37 40 31 35 35 44 41 33 39 34 27 40 31 42 32 27 26 38 28 22 38 30 24 23 20 22 25 19 27 22 24 19 17 14 18 13 19 23 19 20 25 21 16 24 16 15 15 19 12 18 7 13 16 17 13 14 17 18 7 9 14 18 12 6 16 14 6 10 8 7 19 14 9 5 6 10 8 7 10 9 11 12 16 8 4 9 6 8 7 9 13 4 8 13 7 6 4 11 8 8 12 9 6 4 5 5 12 7 6 6 4 6 5 7 5 3 5 11 7 4 6 4 4 8 3 5 4 2 3 6 3 5 3 3 5 3 1 3 6 6 2 8 7 4 5 3 0 8 7 4 1 4 4 3 4 1 1 3 9 5 5 5 4 3 2 4 3 3 5 5
fate kill_other count 398524 frac 0.20164 mean_path_mm 219.501 under 0 over 4369
counts 0 0 0 0 0 3 1309 4233 7311 10597 9982 10208 12268 11561 9669 9492 9104 7853 7241 8372 8115 7977 8195 10177 9216 8651 9846 9312 9004 8603 9289 7733 7182 7394 6850 6057 6070 5339 5102 4986 4540 4147 4054 4147 3459 3341 3696 3010 2806 2975 2980 2542 2277 2557 2378 2127 1895 2118 1799 1696 1663 1776 1531 1487 1511 1413 1309 1241 1290 1239 1101 1055 1081 970 957 903 854 868 922 798 826 775 748 715 703 696 691 663 652 668 554 551 642 551 543 523 578 500 485 557 496 412 428 524 407 387 443 391 354 366 377 360 390 353 332 339 359 299 292 326 292 241 292 306 248 221 273 254 221 231 265 225 230 207 232 209 183 204 187 214 203 218 190 165 158 181 188 154 178 171 149 152 139 153 131 162 147 144 125 124 135 103 130 123 122 128 144 102 122 125 111 104 138 120 121 107 103 105 118 93 99 87 99 83 89 109 87 88 93 111 77 75 91 80 71 91 77 70 69 67 57 68 75 70 63 50 51 64 53 45 70 46 49 56 52 38 52 43 48 44 45 44 57 46 46 54 35 42 45 63 36 58 40 39 35 40 35 37 46 43 39 35 43 45 27 41 35 30 39 33 32 25 31 26 32 30 25 35 31 28 29 34 26 27 25 22 24 23 27 19 27 24 34 27 30 22 22 21 13 21 26 20 30 24 21 21 22 29 19 24 27 15 27 17 18 23 18 17 17 21 22 17 22 16 21 21 20 26 16 22 18 18 19 14 21 15 15 12 7 13 18 17 10 9 13 13 20 12 11 11 18 16 13 13 9 13 18 4 16 11 12 14 16 17 12 21 17 11 10 17 16 16 12 16 18 18 16 17 13 13 13 15 17 17 11 14 11 10 16 14 21 14 13 8 15 11 9 14 8 15 12 18 13 12 14 12 15 17 18 15 14 8 17 19 14 14 14 19 15 8
