# CBDsim optical photon total track-length histogram
nbins 400
xmax_mm 2000
nfates 9
total_tracks 1954478
mean_path_mm_all 208.987
hist total under 0 over 11228
counts 30966 28745 27324 54845 24212 22636 31833 30081 26645 39501 36840 31213 69141 60464 70129 64240 55074 45431 39668 32952 30022 30689 27729 24895 44884 49563 39116 43644 40032 35279 32826 30055 27450 28163 26110 23134 20703 18064 16402 17056 15798 14435 13650 12319 10687 11194 10588 9392 9128 8387 7636 7952 7508 6850 6714 6149 5536 6244 5950 5387 5188 5044 4780 5308 5244 5159 4751 4637 4302 4834 4696 4761 4273 3953 3814 4382 4492 4704 4129 3813 3563 3915 3841 4197 3811 3495 3360 3725 3714 3858 3547 3263 3058 3330 3106 3184 3194 2829 2728 2791 2609 2672 2724 2485 2259 2378 2274 2235 2195 2134 2107 2207 2080 2023 2018 1978 1861 1911 1840 1810 1858 1920 1794 1839 1748 1717 1727 1740 1638 1727 1619 1555 1559 1627 1542 1565 1491 1451 1548 1497 1374 1455 1419 1270 1259 1304 1238 1228 1224 1122 1163 1128 1097 1147 1117 1048 933 1061 994 1037 966 885 885 883 843 932 885 838 814 858 840 857 814 731 753 780 828 803 741 719 702 702 730 674 656 681 645 670 765 664 659 621 599 632 637 656 566 614 560 530 619 622 593 578 544 486 519 525 506 476 454 464 443 526 503 463 454 436 434 454 434 394 431 397 450 422 429 420 380 353 372 374 398 405 390 320 336 396 360 321 321 299 328 337 316 330 297 300 323 302 316 316 248 275 286 309 274 286 252 253 243 289 242 256 247 255 243 253 229 242 258 219 233 208 206 229 200 222 209 229 212 227 213 212 207 202 192 220 172 212 158 197 172 194 192 168 170 173 183 176 165 178 153 169 160 161 141 171 147 144 163 179 132 143 135 159 139 140 132 155 149 154 132 131 134 127 143 126 149 123 113 126 117 143 128 121 104 110 108 105 124 117 110 124 118 101 82 113 109 88 95 107 95 90 102 91 98 92 89 70 90 95 76 89 75 85 61 97 70 74 85 84 82 81 80 81 78 70 75 94 75 62 57 51 70 85 78 66 63 59 76 82 62 71 63 84 49 70 76 61
fate detected count 128528 frac 0.0657608 mean_path_mm 160.189 under 0 over 158
counts 0 0 0 0 0 0 0 0 0 0 0 57 9196 7473 9625 7490 5579 4095 3777 3156 2638 1644 1212 924 5316 6600 4767 5029 4458 3765 3508 3190 2846 2547 2418 2129 1873 1487 1259 1095 1026 943 937 767 611 562 511 447 387 378 312 331 241 266 245 245 190 133 137 148 176 168 166 194 136 178 163 203 169 159 154 149 137 148 131 159 159 209 162 176 125 143 125 148 146 138 159 148 176 145 158 143 125 132 117 119 121 125 110 100 110 115 93 73 65 86 66 82 39 56 63 76 61 63 56 51 53 58 38 48 50 50 51 49 55 46 48 48 48 32 41 40 31 45 36 34 41 34 53 47 37 35 40 29 26 31 33 37 27 23 33 31 25 29 28 28 23 22 21 24 26 15 23 22 21 25 23 21 19 21 15 20 16 18 21 12 15 21 19 22 23 21 7 16 19 15 20 13 17 14 11 16 21 8 13 22 12 11 18 12 13 12 11 13 8 13 12 9 12 17 10 7 8 11 17 11 11 15 10 8 7 9 8 10 7 8 9 13 5 7 7 3 1 10 10 6 6 14 4 10 11 7 5 14 5 14 7 3 6 4 8 4 3 5 12 5 8 4 6 4 6 3 4 9 6 8 3 6 2 3 6 4 6 3 7 2 3 6 3 4 4 6 6 6 3 3 3 6 3 4 8 8 0 2 5 5 5 3 2 0 3 7 3 3 3 3 1 5 3 1 2 6 1 3 3 3 1 2 4 3 2 6 1 2 3 2 1 1 3 2 4 3 1 6 1 2 2 1 3 2 3 0 2 6 1 1 3 1 1 3 0 3 0 1 2 1 3 2 2 0 1 0 0 4 1 1 0 2 3 1 0 2 1 1 2 1 0 0 1 2 2 0 1 2 4 2 1 0 0 1 1 1 1 2 2 0 1 2 1 1
fate qe_reject count 472590 frac 0.241799 mean_path_mm 160.381 under 0 over 652
counts 0 0 0 0 0 0 0 0 0 0 0 221 33685 27186 35468 27554 20425 15515 13745 11596 9554 6157 4270 3571 19644 24022 17043 18540 16245 13377 12988 12038 10652 9406 8944 7893 6907 5615 4679 4188 3854 3529 3362 2724 2351 2042 1885 1691 1559 1289 1281 1105 1018 956 890 843 707 615 620 545 659 659 617 602 528 647 638 685 641 620 606 626 579 563 557 530 662 793 622 585 547 546 503 484 479 486 590 602 556 571 516 486 489 458 434 458 396 398 366 375 359 338 294 313 273 291 258 241 199 197 243 235 231 214 208 181 163 170 156 161 178 178 175 186 210 182 162 147 151 135 159 137 163 166 145 162 155 125 159 142 129 114 133 112 114 116 118 106 106 99 95 82 95 85 81 92 85 117 108 94 75 68 60 72 80 83 87 65 68 76 87 70 76 67 69 66 77 68 61 61 55 56 56 46 55 58 55 46 69 61 58 52 50 58 45 78 57 46 36 48 53 47 53 38 41 31 35 35 35 34 42 34 27 46 35 37 47 36 24 32 30 25 37 30 35 27 30 33 34 29 39 21 42 32 26 24 28 27 36 17 24 27 23 15 27 20 23 22 28 22 22 24 24 24 18 21 21 20 12 17 21 16 13 11 18 19 18 22 17 14 23 14 15 15 25 21 20 16 16 17 14 18 14 14 16 13 18 18 17 22 15 13 11 18 18 15 15 19 20 12 12 9 15 19 14 12 13 9 13 9 15 13 8 12 9 10 8 12 12 15 9 6 9 6 10 11 10 12 10 12 6 8 7 12 8 6 9 12 7 9 6 8 6 11 3 11 5 9 7 10 3 7 12 6 11 8 10 5 11 1 10 5 4 1 1 9 5 9 6 2 7 7 2 6 5 7 6 8 2 7 5 1 5 5 6 8 4 4 2 4 6 7 6 5 2 6 1 3 10 5
fate absorb_scint count 118037 frac 0.0603931 mean_path_mm 274.104 under 0 over 3158
counts 4385 4151 3900 3860 3830 3721 3539 3190 2917 2793 2500 2292 2269 2106 2069 1923 1948 1752 1811 1634 1504 1455 1330 1211 1235 1088 1025 989 953 908 886 901 859 787 758 705 721 723 668 672 666 614 647 616 604 585 547 542 547 583 578 501 486 499 527 511 510 508 471 471 446 424 450 416 425 405 397 446 402 397 357 342 362 381 378 370 327 336 347 300 293 325 275 288 272 276 265 276 255 266 259 251 208 237 242 252 255 210 235 208 215 233 187 216 215 185 203 186 192 167 190 166 172 155 164 143 156 171 171 147 167 146 139 145 138 118 130 107 122 127 131 136 120 131 116 126 125 107 121 86 110 108 101 104 80 109 111 102 107 86 94 90 89 100 107 89 95 95 84 77 85 83 97 76 67 80 89 74 77 77 85 79 96 70 71 71 78 66 63 76 72 69 51 66 55 61 57 55 73 50 49 47 49 60 57 42 46 63 64 40 56 49 54 48 56 32 34 40 34 38 45 43 30 47 42 34 49 40 34 25 50 32 52 45 45 36 50 30 35 39 43 27 28 42 30 32 31 34 40 27 26 27 28 32 26 16 31 31 42 31 31 25 19 28 31 33 24 34 27 22 22 33 26 28 23 25 26 32 16 27 31 23 17 18 19 17 16 17 18 31 12 23 18 27 21 18 20 22 23 23 12 18 19 20 24 19 20 20 11 26 21 7 20 15 18 16 12 19 20 11 22 26 11 7 14 17 19 29 8 18 19 16 13 15 17 16 25 11 18 11 14 11 13 15 14 14 17 8 17 11 12 15 17 14 19 6 8 20 9 10 10 8 10 7 9 10 10 16 7 8 13 11 13 11 18 6 9 13 13 11 10 9 12 10 10 12 11 7 9 11 7 11 8 8 6 11 11 7 9 6 14 13 5 9 10 10 7 7 10 5
fate absorb_lg count 2259 frac 0.00115581 mean_path_mm 233.162 under 0 over 22
counts 0 0 0 0 0 1 11 30 39 51 74 80 59 61 62 59 55 52 36 36 48 44 57 62 56 50 55 41 61 59 43 38 56 35 32 43 31 22 20 16 24 22 24 20 11 15 14 16 11 15 15 7 12 10 7 4 9 6 5 9 6 8 5 8 4 4 7 4 7 3 4 8 5 4 2 6 12 5 5 6 7 6 6 8 6 4 2 3 6 4 5 3 0 6 2 0 1 4 6 4 2 1 3 1 5 3 6 1 1 1 5 2 4 3 3 3 1 1 1 4 6 2 4 1 3 0 1 4 0 3 0 0 1 1 3 0 4 4 2 2 2 2 3 1 3 0 2 2 0 2 1 1 2 1 0 0 0 2 1 2 2 1 0 1 3 1 1 1 0 2 1 0 1 0 1 1 0 1 2 2 2 2 1 1 0 3 0 2 1 2 0 1 1 1 0 0 0 0 1 1 2 0 0 3 3 0 0 2 1 1 2 0 0 1 1 1 1 0 1 1 0 0 1 1 1 1 0 0 0 1 0 0 0 0 0 0 0 1 0 1 0 0 0 2 0 1 0 1 0 1 0 2 0 0 0 0 1 2 0 0 0 1 0 0 0 0 1 0 0 0 0 0 0 1 0 0 0 0 0 0 0 0 0 0 0 0 0 0 0 1 0 0 0 0 0 0 0 1 0 1 0 0 0 0 1 0 0 0 0 0 1 0 0 0 0 0 0 0 0 0 0 0 0 0 0 0 0 0 0 0 0 0 0 0 0 0 0 0 1 0 0 0 0 0 0 0 0 0 0 0 0 0 0 0 0 1 0 0 1 0 0 0 0 0 0 0 0 0 0 0 0 0 0 0 0 0 0 0 1 0 0 0 0 0 0 1 0 0 0 0 0 0 1 0 0 0 0 0 0 0
fate absorb_glass count 66 frac 3.37686e-05 mean_path_mm 167.273 under 0 over 0
counts 0 0 0 0 0 0 0 0 0 0 0 0 4 3 9 6 3 2 1 2 0 0 0 0 3 1 0 1 1 2 2 1 3 1 1 3 1 0 1 0 1 1 2 0 1 0 1 0 0 0 0 0 0 0 0 0 0 1 0 0 0 0 0 0 1 0 0 1 0 0 0 0 0 0 0 0 0 0 0 0 0 0 0 0 0 0 1 0 0 0 0 0 0 0 0 0 1 0 0 0 1 0 0 0 0 0 0 0 0 0 0 0 0 2 0 0 0 0 0 0 0 0 0 0 0 0 0 0 0 0 0 0 0 0 0 0 0 0 0 0 1 0 0 0 0 0 0 0 0 0 0 0 0 0 0 0 0 0 0 0 0 0 0 0 0 0 0 0 0 0 0 0 0 0 0 0 0 0 0 0 0 0 0 0 0 0 0 0 0 0 0 0 0 0 0 0 0 0 0 0 0 0 0 0 0 0 0 0 0 0 0 0 0 0 0 0 0 0 0 0 0 0 0 0 0 0 0 0 0 0 0 0 0 0 0 0 0 0 0 0 0 0 0 0 0 0 0 0 0 0 0 0 0 0 0 0 0 0 0 0 0 0 0 0 0 0 0 0 0 0 0 0 0 0 0 0 0 0 0 0 0 0 0 0 0 0 0 0 0 0 0 0 0 0 0 0 0 0 0 0 0 0 0 0 0 0 0 0 0 0 0 0 0 0 0 0 0 0 0 0 0 0 0 0 0 0 0 0 0 0 0 0 0 0 0 0 0 0 0 0 0 0 0 0 0 0 0 0 0 0 0 0 0 0 0 0 0 0 0 0 0 0 0 0 0 0 0 0 0 0 0 0 0 0 0 0 0 0 0 0 0 0 0 0 0 0 0 0 0 0 0 0 0 0 0 0 0 0 0 0
fate absorb_si count 0 frac 0 mean_path_mm 0 under 0 over 0
counts 0 0 0 0 0 0 0 0 0 0 0 0 0 0 0 0 0 0 0 0 0 0 0 0 0 0 0 0 0 0 0 0 0 0 0 0 0 0 0 0 0 0 0 0 0 0 0 0 0 0 0 0 0 0 0 0 0 0 0 0 0 0 0 0 0 0 0 0 0 0 0 0 0 0 0 0 0 0 0 0 0 0 0 0 0 0 0 0 0 0 0 0 0 0 0 0 0 0 0 0 0 0 0 0 0 0 0 0 0 0 0 0 0 0 0 0 0 0 0 0 0 0 0 0 0 0 0 0 0 0 0 0 0 0 0 0 0 0 0 0 0 0 0 0 0 0 0 0 0 0 0 0 0 0 0 0 0 0 0 0 0 0 0 0 0 0 0 0 0 0 0 0 0 0 0 0 0 0 0 0 0 0 0 0 0 0 0 0 0 0 0 0 0 0 0 0 0 0 0 0 0 0 0 0 0 0 0 0 0 0 0 0 0 0 0 0 0 0 0 0 0 0 0 0 0 0 0 0 0 0 0 0 0 0 0 0 0 0 0 0 0 0 0 0 0 0 0 0 0 0 0 0 0 0 0 0 0 0 0 0 0 0 0 0 0 0 0 0 0 0 0 0 0 0 0 0 0 0 0 0 0 0 0 0 0 0 0 0 0 0 0 0 0 0 0 0 0 0 0 0 0 0 0 0 0 0 0 0 0 0 0 0 0 0 0 0 0 0 0 0 0 0 0 0 0 0 0 0 0 0 0 0 0 0 0 0 0 0 0 0 0 0 0 0 0 0 0 0 0 0 0 0 0 0 0 0 0 0 0 0 0 0 0 0 0 0 0 0 0 0 0 0 0 0 0 0 0 0 0 0 0 0 0 0 0 0 0 0 0 0 0 0 0 0 0 0 0 0 0 0
fate absorb_other count 94 frac 4.80947e-05 mean_path_mm 200.319 under 0 over 0
counts 0 0 0 0 0 0 0 0 0 0 0 0 7 2 4 8 2 1 0 1 3 3 0 1 6 4 3 2 4 2 2 2 1 3 2 1 3 1 2 1 1 1 2 0 0 0 0 2 0 2 1 0 1 0 1 0 0 0 0 1 0 0 1 0 1 0 0 0 0 0 0 0 0 0 0 0 1 0 0 0 0 1 0 0 0 0 0 1 0 0 0 0 0 0 0 1 0 0 0 0 0 0 0 0 0 0 0 0 0 0 0 0 0 0 0 0 0 0 0 1 0 0 0 0 0 0 0 0 0 1 0 0 0 0 0 0 0 0 0 0 0 0 0 0 0 0 0 0 0 0 0 0 0 0 0 0 0 0 0 0 0 0 0 0 0 0 0 0 0 0 0 0 0 0 0 0 0 0 0 0 0 0 0 0 0 0 0 0 0 0 0 0 0 0 0 0 0 1 0 0 1 0 0 0 0 0 0 0 0 0 0 0 0 0 0 0 0 0 0 0 0 0 0 0 0 0 0 0 0 0 0 0 0 0 0 0 0 0 0 0 0 0 0 0 0 0 0 0 0 0 0 0 0 0 0 0 0 0 0 0 0 0 0 0 0 0 0 0 0 0 0 0 0 0 0 0 0 0 0 0 0 0 0 0 0 0 0 0 0 0 0 0 0 0 0 0 0 0 0 0 0 0 0 0 0 0 0 0 0 0 0 0 0 0 0 0 0 0 0 0 0 0 0 0 0 0 0 0 0 0 0 0 0 0 0 0 0 0 0 0 0 0 0 0 0 0 0 0 0 0 0 0 0 0 0 0 0 0 0 0 0 0 0 0 0 0 0 0 0 0 0 0 0 0 0 1 0 0 0 0 0 0 0 0 0 0 0 0 0 0 0 0 0 0 0 0 0 0 0 0
fate kill_world count 707189 frac 0.36183 mean_path_mm 192.377 under 0 over 2446
counts 26581 24594 23424 50985 20382 18914 27106 21476 15407 26763 23593 15416 11260 10299 11172 16684 14409 12332 10719 7126 6208 10113 8643 7722 7199 6825 5680 7889 7167 6543 5686 5290 4638 6667 5786 4932 4433 3655 3180 4874 4550 3965 3512 2881 2393 3772 3778 3068 2936 2553 2238 3002 3062 2603 2389 2279 1994 2880 2777 2324 1981 1947 1811 2384 2573 2229 1832 1641 1620 2136 2077 2000 1666 1409 1341 1849 1751 1865 1565 1352 1232 1419 1578 1715 1486 1215 1058 1369 1356 1512 1339 1194 1047 1313 1187 1278 1379 1066 997 1129 1009 1082 1226 1021 867 987 963 946 962 953 848 971 860 889 906 881 772 841 777 774 771 824 715 777 695 672 714 746 631 747 650 627 638 632 613 677 582 578 613 653 575 628 594 532 496 569 503 513 524 492 482 511 468 519 506 460 404 453 407 487 450 414 385 415 381 439 370 387 323 402 360 388 352 315 306 327 363 357 317 298 278 293 334 279 296 279 274 272 283 285 264 266 227 235 258 241 239 250 224 209 261 265 234 217 197 186 206 228 215 177 179 191 193 213 204 172 175 171 182 220 175 168 150 161 157 183 177 168 154 128 148 176 163 156 162 119 125 167 143 121 133 95 134 135 143 125 126 102 119 132 131 128 101 113 116 117 114 115 100 109 105 123 98 105 82 94 95 94 100 102 99 85 82 78 81 84 84 79 82 76 92 71 96 65 70 77 69 83 53 67 52 73 73 71 70 57 61 57 70 66 46 66 51 51 58 48 50 58 53 46 54 52 39 46 47 59 48 45 55 44 60 54 41 49 40 43 32 47 54 40 28 50 35 38 43 39 34 40 40 44 43 51 33 35 36 35 29 30 47 26 37 36 34 30 29 35 32 31 29 28 31 32 25 32 21 23 19 30 20 20 30 24 22 28 35 24 23 25 22 30 26 20 15 13 15 25 28 22 18 17 20 25 21 21 21 27 15 20 22 13
fate kill_other count 525715 frac 0.26898 mean_path_mm 272.238 under 0 over 4792
counts 0 0 0 0 0 0 1177 5385 8282 9894 10673 13147 12661 13334 11720 10516 12653 11682 9579 9401 10067 11273 12217 11404 11425 10973 10543 11153 11143 10623 9711 8595 8395 8717 8169 7428 6734 6561 6593 6210 5676 5360 5164 5311 4716 4218 3852 3626 3688 3567 3211 3006 2688 2516 2655 2267 2126 2101 1940 1889 1920 1838 1730 1704 1576 1696 1714 1657 1463 1519 1498 1636 1524 1448 1405 1468 1580 1496 1428 1394 1359 1475 1354 1554 1422 1376 1285 1326 1365 1360 1270 1186 1189 1184 1124 1076 1041 1026 1014 975 913 903 921 861 834 826 778 779 802 760 758 757 752 697 681 719 716 670 697 675 686 720 710 681 647 699 672 688 686 682 638 615 606 652 629 566 584 603 600 567 520 568 548 492 540 479 471 468 460 420 458 413 418 413 395 379 326 372 373 353 328 304 320 297 291 304 315 290 327 280 292 300 273 261 285 303 295 290 279 260 272 261 281 266 231 265 239 282 322 252 277 239 251 270 264 273 212 243 217 220 233 249 241 259 239 224 232 211 209 209 176 189 185 208 204 208 171 174 183 168 172 160 183 150 205 167 163 176 152 149 135 147 164 165 162 139 146 153 137 145 127 143 138 139 115 154 110 141 128 112 124 133 101 105 109 133 106 111 107 101 89 113 101 103 118 109 100 99 94 96 99 93 113 93 74 105 77 104 90 101 90 109 79 100 97 91 82 91 76 95 71 85 69 83 75 72 69 73 80 71 83 89 64 81 66 82 65 80 58 77 69 82 73 75 62 70 63 52 53 75 59 72 68 59 64 55 75 55 64 58 61 54 61 72 62 60 42 49 40 39 60 43 52 58 59 48 37 53 45 39 45 53 39 46 51 36 43 38 39 33 35 47 34 41 34 46 28 43 28 40 38 42 45 36 28 36 38 30 40 44 35 30 28 23 39 38 34 33 34 31 35 36 28 34 28 41 25 38 33 37
