# CBDsim optical photon total track-length histogram
nbins 400
xmax_mm 2000
nfates 9
total_tracks 1936275
mean_path_mm_all 187.519
hist total under 0 over 12172
counts 30569 28726 49588 32038 23673 22422 32083 37266 38810 32853 27387 25192 75038 85195 81928 62391 48016 44210 39817 34022 29915 27143 27205 28305 51872 46763 47396 45191 40196 36729 36330 31134 29489 29789 27144 23070 20473 19993 19606 17152 15177 14011 13666 13098 11718 10635 10109 10027 9600 8790 8152 7401 7399 7285 6626 6483 5671 5740 5832 5216 5326 4758 4557 4824 4437 4336 3973 3833 4273 3584 3489 3638 3540 3520 3244 3418 3166 3047 3304 3393 3086 2784 2813 3010 3135 2750 2657 2793 2859 2533 2477 2430 2391 2566 2396 2380 2184 2313 2400 2192 2005 1866 1999 2125 1957 1796 1681 1905 1773 1805 1677 1549 1695 1627 1644 1548 1470 1457 1546 1508 1376 1257 1361 1458 1435 1289 1214 1130 1279 1232 1111 1074 1067 1182 1162 1088 1007 949 1029 1090 1019 963 862 952 959 903 824 759 865 928 781 786 777 737 794 806 726 690 636 714 707 628 590 634 655 672 559 585 547 551 598 530 591 548 544 577 509 486 510 476 483 503 495 480 475 492 508 460 452 450 471 469 383 416 418 424 438 423 417 379 366 398 382 376 351 396 376 357 334 333 328 322 367 333 354 307 319 307 314 329 298 318 291 281 269 262 265 247 251 264 259 250 265 279 216 250 231 215 233 209 237 216 199 222 205 210 205 198 205 199 195 213 187 174 162 184 178 197 179 180 168 156 155 177 163 191 155 149 152 167 145 135 140 133 120 125 133 122 125 135 127 148 140 120 130 138 133 131 131 130 130 146 156 126 145 118 124 139 102 128 113 157 127 110 129 121 136 120 117 112 129 122 122 94 107 125 116 102 123 98 104 111 114 96 106 89 100 100 109 90 95 100 91 84 100 79 83 87 82 86 106 87 90 78 85 72 87 68 93 110 71 81 76 75 66 73 76 42 61 78 76 64 67 77 64 80 72 69 57 69 63 63 69 70 63 73 63 78 64 63 76 63 64 66 60 68 65 74 62 61 62 61 56 65 58 61 66 50 53 51
fate detected count 144294 frac 0.0745214 mean_path_mm 146.604 under 0 over 171
counts 0 0 0 0 0 0 0 0 0 0 0 11 9959 11190 11231 7743 5923 4991 3637 2665 2129 1911 1717 1513 6961 6366 6327 5724 4470 4224 4246 3665 3368 3032 2732 2485 2204 1938 1665 1509 1274 1215 1044 901 797 710 661 627 594 534 439 382 362 318 325 309 281 275 183 223 235 211 181 166 139 146 136 111 141 109 94 116 123 109 110 90 94 97 113 107 123 107 80 82 89 112 83 117 79 71 88 69 66 69 81 65 90 79 85 69 64 57 57 60 48 59 50 56 51 44 60 46 32 36 38 42 39 44 38 36 32 30 34 39 35 43 45 29 31 33 30 21 24 22 19 40 22 19 24 26 21 17 16 15 29 17 17 11 23 20 10 7 18 13 11 18 13 12 17 9 15 8 18 9 15 8 10 8 12 11 15 9 7 8 11 8 8 8 11 13 4 9 10 10 9 6 11 10 9 8 6 8 7 8 13 4 10 3 9 4 11 12 10 11 7 11 10 4 7 1 5 8 7 12 2 6 5 4 7 6 2 5 6 2 4 4 8 5 7 3 8 3 3 5 6 4 4 3 4 3 2 5 1 1 3 3 3 3 4 3 7 4 3 2 3 5 2 5 0 5 3 1 3 2 3 6 8 2 4 4 5 1 1 1 3 3 1 3 1 3 1 1 0 4 4 1 0 2 3 6 1 1 2 3 2 1 1 1 1 2 3 1 3 2 2 1 2 2 1 4 3 3 1 3 0 2 3 1 2 3 3 0 3 3 1 6 1 2 3 2 0 0 3 5 1 1 1 1 4 1 0 3 3 0 4 1 1 2 3 6 3 3 2 0 0 1 1 2 2 4 0 1 1 1 0 0 1 1 1 1 2 1 0 1 2 3 0 2 1 0 1 0 1 2 0 0 1 2 1 0 5 1 2 2 1 1 0 2 2 1
fate qe_reject count 528554 frac 0.272975 mean_path_mm 147.039 under 0 over 765
counts 0 0 0 0 0 0 0 0 0 0 0 42 35810 41233 40711 28275 22210 18432 13289 9588 7813 6817 6127 5347 25724 22907 23272 21056 16179 15445 16318 13455 12463 11683 10141 8865 7833 7085 6330 5462 4788 4214 3797 3575 3083 2566 2236 2324 2095 1910 1708 1363 1279 1207 1129 1069 1039 910 748 722 773 750 696 620 509 484 457 429 586 467 396 437 410 401 373 344 345 370 396 381 415 378 313 295 343 310 350 411 331 302 285 284 274 279 262 268 265 278 258 258 224 216 199 223 183 212 172 207 172 176 156 172 145 154 148 161 151 159 150 153 130 86 106 137 145 157 129 126 93 96 119 115 83 102 102 84 81 82 80 93 96 94 62 79 61 74 52 65 68 75 59 54 71 68 63 52 40 56 43 57 38 44 47 37 40 47 36 53 29 47 37 46 53 45 34 38 40 33 32 35 36 37 35 29 27 36 41 28 26 34 36 28 24 33 24 29 21 28 43 32 18 26 29 32 23 23 31 22 26 24 22 28 23 23 26 24 17 15 21 26 21 20 14 17 20 15 20 14 18 19 17 13 13 13 14 17 16 13 12 13 15 14 16 20 9 21 22 16 11 16 15 13 17 15 7 13 17 9 14 13 12 11 5 10 12 9 16 15 6 11 13 13 8 7 6 5 4 6 13 11 11 9 11 4 6 12 8 9 6 5 9 5 5 9 6 10 5 7 4 6 5 9 7 3 7 6 10 8 3 10 10 4 7 4 3 11 3 7 7 5 9 7 6 6 10 9 5 5 3 9 5 5 5 7 10 4 4 7 5 2 4 2 2 4 6 0 5 7 7 8 8 2 1 6 3 2 3 4 3 6 4 5 3 1 2 5 6 3 5 5 2 4 4 7 4 7 4 3 4 2 2 2 2 3 4 4 3 5 4 6 7 5 5 8 3 1 3 3 6 4
fate absorb_scint count 106834 frac 0.055175 mean_path_mm 259.71 under 0 over 3101
counts 4241 4212 4003 3753 3720 3688 3530 3149 2867 2669 2525 2321 2286 2175 2001 1926 1891 1811 1733 1585 1463 1369 1288 1196 1150 989 914 876 853 816 714 727 721 679 667 659 630 571 590 518 516 535 508 479 471 435 453 409 440 477 465 382 441 381 390 414 364 359 367 350 343 375 325 339 355 323 316 294 306 286 270 270 287 268 260 281 205 225 239 237 209 238 226 189 219 203 212 192 202 201 198 176 182 194 187 171 134 174 171 175 158 148 145 148 153 132 134 153 143 127 139 124 140 117 112 122 117 119 103 104 94 98 117 104 117 115 85 112 89 110 106 94 97 92 96 79 92 80 106 59 79 85 81 97 80 80 83 63 85 68 64 86 57 68 68 64 70 69 61 71 60 59 53 73 60 56 49 57 60 71 71 55 66 64 52 67 63 60 55 44 61 45 49 53 47 53 58 49 39 43 57 45 34 44 44 39 49 45 23 33 38 36 34 38 35 31 27 39 27 32 27 33 43 30 41 39 34 37 27 41 29 42 33 31 21 31 26 23 18 33 34 32 30 36 25 30 33 33 27 29 32 22 24 34 33 26 23 25 33 25 37 18 31 21 28 21 18 27 20 28 24 20 27 26 24 22 13 19 21 25 20 18 24 27 24 20 21 24 18 12 14 19 18 20 12 15 19 17 17 19 24 22 22 13 19 18 16 18 11 17 12 24 12 18 18 24 23 12 16 16 20 15 15 15 16 16 14 19 16 12 21 12 14 8 16 9 14 11 19 12 18 17 13 10 8 13 13 13 9 10 15 18 10 11 11 15 11 14 8 18 7 11 15 9 9 9 14 4 3 13 13 9 14 8 7 6 10 13 4 11 10 13 9 15 8 8 10 13 11 13 16 8 10 14 13 8 9 12 7 10 8 14 8 8 5 6 13 7 8 3
fate absorb_lg count 2169 frac 0.00112019 mean_path_mm 219.386 under 0 over 18
counts 0 0 0 0 0 0 5 27 47 72 62 72 74 69 61 47 41 48 41 36 53 47 41 68 55 62 38 59 51 57 50 40 32 46 32 27 22 27 27 22 18 24 17 20 16 13 14 14 17 12 12 11 10 6 13 12 7 9 2 7 7 7 9 6 7 7 6 7 4 5 11 4 2 6 6 1 5 3 8 4 4 1 6 6 2 4 6 5 3 8 3 1 3 2 1 2 5 5 0 1 3 2 1 3 6 2 1 1 1 2 3 1 2 1 2 3 3 3 1 0 1 2 2 2 0 2 0 0 0 1 2 2 3 2 2 1 2 2 1 1 1 1 1 0 1 0 3 2 0 1 0 1 0 0 1 1 2 2 2 1 0 1 0 0 0 2 1 2 1 0 0 0 0 0 0 0 0 2 0 1 1 0 0 0 0 0 0 0 2 1 0 0 0 0 1 0 1 0 0 0 1 0 0 1 0 1 0 0 0 1 2 0 0 1 0 0 1 0 1 1 0 0 0 0 1 0 0 0 1 0 0 0 0 0 1 1 1 0 0 0 0 0 2 0 2 0 0 1 1 1 0 0 0 0 1 1 1 0 1 0 0 0 0 0 1 1 0 1 0 0 0 0 0 0 0 0 1 0 0 0 0 0 0 0 0 0 1 0 0 1 0 1 0 0 0 0 0 0 0 0 1 0 0 3 0 0 0 0 0 0 0 0 0 0 0 0 1 0 0 0 0 0 0 1 0 0 0 0 0 0 1 1 0 0 0 0 0 0 0 0 2 0 0 0 0 0 0 0 0 0 0 1 0 1 0 0 0 0 0 1 0 0 1 0 0 0 0 0 0 0 0 0 0 0 0 0 0 1 1 0 0 0 0 0 0 0 0 0 1 0 0 0 0 1 0 0 0 0 0 0
fate absorb_glass count 78 frac 4.02835e-05 mean_path_mm 165.321 under 0 over 0
counts 0 0 0 0 0 0 0 0 0 0 0 0 3 5 5 2 3 4 2 2 1 3 0 0 1 5 2 1 3 0 1 2 2 4 2 0 0 5 0 1 2 2 2 1 0 2 0 0 0 0 2 0 0 0 0 0 1 0 0 0 0 0 1 1 0 0 0 0 0 0 0 0 0 0 0 1 1 0 0 0 0 0 0 0 0 0 0 0 0 1 0 0 0 0 0 0 1 0 0 0 0 0 0 0 0 0 0 0 0 0 0 0 0 0 0 0 0 0 0 0 0 0 0 0 0 0 0 0 0 0 0 0 0 0 0 0 0 0 0 0 0 0 0 0 0 0 0 0 0 0 0 0 0 0 0 0 0 0 0 0 0 0 0 0 0 0 0 0 0 0 0 0 0 0 0 0 0 0 1 0 0 0 0 0 0 0 0 0 0 0 0 0 0 0 0 0 0 0 0 0 0 0 0 0 0 0 0 0 0 0 0 0 0 0 0 0 0 0 0 0 0 0 0 0 0 0 0 0 0 0 0 0 0 0 0 0 0 0 0 0 0 0 0 0 0 0 0 0 0 0 0 0 0 0 0 0 0 0 0 0 0 0 0 0 0 0 0 0 0 0 0 0 0 0 0 0 0 0 0 0 0 0 0 0 0 0 0 0 0 0 0 0 0 0 0 0 0 0 0 0 0 0 0 0 0 0 0 0 0 0 0 0 0 0 0 0 0 0 0 0 0 0 0 0 0 0 0 0 0 0 0 0 0 0 0 0 0 0 0 0 0 0 0 0 0 0 0 0 0 0 0 0 0 0 0 0 0 0 0 0 0 0 0 0 0 0 0 0 0 0 0 0 0 0 0 0 0 0 0 0 0 0 0 0 0 0 0 0 0 0 0 0 0 0 0 0 0 0 0 0
fate absorb_si count 0 frac 0 mean_path_mm 0 under 0 over 0
counts 0 0 0 0 0 0 0 0 0 0 0 0 0 0 0 0 0 0 0 0 0 0 0 0 0 0 0 0 0 0 0 0 0 0 0 0 0 0 0 0 0 0 0 0 0 0 0 0 0 0 0 0 0 0 0 0 0 0 0 0 0 0 0 0 0 0 0 0 0 0 0 0 0 0 0 0 0 0 0 0 0 0 0 0 0 0 0 0 0 0 0 0 0 0 0 0 0 0 0 0 0 0 0 0 0 0 0 0 0 0 0 0 0 0 0 0 0 0 0 0 0 0 0 0 0 0 0 0 0 0 0 0 0 0 0 0 0 0 0 0 0 0 0 0 0 0 0 0 0 0 0 0 0 0 0 0 0 0 0 0 0 0 0 0 0 0 0 0 0 0 0 0 0 0 0 0 0 0 0 0 0 0 0 0 0 0 0 0 0 0 0 0 0 0 0 0 0 0 0 0 0 0 0 0 0 0 0 0 0 0 0 0 0 0 0 0 0 0 0 0 0 0 0 0 0 0 0 0 0 0 0 0 0 0 0 0 0 0 0 0 0 0 0 0 0 0 0 0 0 0 0 0 0 0 0 0 0 0 0 0 0 0 0 0 0 0 0 0 0 0 0 0 0 0 0 0 0 0 0 0 0 0 0 0 0 0 0 0 0 0 0 0 0 0 0 0 0 0 0 0 0 0 0 0 0 0 0 0 0 0 0 0 0 0 0 0 0 0 0 0 0 0 0 0 0 0 0 0 0 0 0 0 0 0 0 0 0 0 0 0 0 0 0 0 0 0 0 0 0 0 0 0 0 0 0 0 0 0 0 0 0 0 0 0 0 0 0 0 0 0 0 0 0 0 0 0 0 0 0 0 0 0 0 0 0 0 0 0 0 0 0 0 0 0 0 0 0 0 0 0
fate absorb_other count 96 frac 4.95797e-05 mean_path_mm 164.427 under 0 over 0
counts 0 0 0 0 0 0 0 0 0 0 0 0 3 5 6 6 6 7 2 0 3 1 1 0 4 3 4 4 3 2 3 1 3 0 2 1 3 1 2 1 0 1 2 1 2 1 0 1 0 0 1 0 0 0 0 0 0 0 0 0 0 0 1 0 0 1 0 0 0 0 0 0 0 0 0 0 1 1 1 0 0 0 0 0 0 0 0 0 0 0 0 0 0 0 0 1 0 0 0 0 0 0 0 0 0 0 0 0 1 1 0 0 0 0 1 0 0 0 0 0 0 0 0 0 0 0 0 0 0 0 0 0 0 0 0 0 0 0 0 0 0 0 0 0 0 0 0 0 0 0 0 0 0 0 0 0 0 0 0 0 0 0 0 0 0 0 0 0 0 0 0 0 0 0 0 0 0 0 0 0 0 0 0 0 0 0 0 0 0 0 0 0 0 1 0 0 0 0 0 0 0 0 0 0 0 0 0 0 0 0 0 0 0 0 0 0 0 0 0 0 0 0 0 0 0 0 0 0 0 0 0 0 0 0 0 0 0 0 0 0 0 0 0 0 0 0 0 0 0 0 0 0 0 0 0 0 0 0 0 0 0 0 0 0 0 0 0 0 0 0 0 0 0 0 0 0 0 0 0 0 0 0 0 0 0 0 0 0 0 0 0 0 0 0 0 0 0 0 0 0 0 0 0 0 0 0 0 0 0 0 0 0 0 0 0 0 0 0 0 0 0 0 0 0 0 0 0 0 0 0 0 0 0 0 0 0 0 0 0 0 0 0 0 0 0 0 0 0 0 0 0 0 0 0 0 0 0 0 0 0 0 0 0 0 0 0 0 0 0 0 0 0 0 0 0 0 0 0 0 0 0 0 0 0 0 0 0 0 0 0 0 0 0 0 0 0 0 0 0 0
fate kill_world count 684040 frac 0.353276 mean_path_mm 166.648 under 0 over 1814
counts 26328 24514 45585 28285 19953 18734 27229 29354 28545 20521 13045 11906 15540 18983 15913 13203 8727 10876 11838 10188 8978 7935 7761 8268 7070 6421 6169 7273 8010 6052 5195 4825 5388 6210 5534 4342 3671 4063 4645 4363 3712 3056 3054 3523 3295 2969 2627 2826 2989 2787 2395 2094 2474 2725 2372 2200 1733 2025 2438 2010 1990 1630 1719 2125 1894 1779 1608 1583 1846 1603 1456 1497 1506 1706 1433 1333 1311 1320 1577 1392 1237 1158 1244 1416 1307 1196 1036 1088 1275 1113 970 926 1070 1141 995 952 893 1037 1070 878 828 770 852 910 884 758 674 718 792 859 717 619 701 730 819 651 555 623 719 720 582 538 609 699 670 541 541 503 601 591 490 503 448 577 580 522 428 421 510 584 511 404 411 459 425 437 397 344 391 447 416 365 350 347 368 388 319 290 290 327 389 310 256 300 317 333 261 284 252 247 295 234 276 245 260 277 233 194 231 230 220 229 218 225 236 227 207 194 203 172 202 196 161 157 163 178 169 159 172 144 168 138 154 165 134 167 151 134 136 140 134 128 135 126 139 118 126 117 127 124 113 121 113 122 109 104 104 106 82 106 95 106 119 117 84 93 80 89 83 73 90 77 75 88 76 85 81 74 87 88 76 91 69 64 50 74 64 68 67 73 62 59 54 50 60 76 57 49 58 57 54 50 52 40 36 55 51 39 38 47 52 54 49 40 45 43 47 52 45 36 40 42 47 38 44 23 52 47 28 41 34 45 38 27 34 32 30 26 42 30 19 33 36 21 34 36 38 27 37 24 26 29 37 32 25 22 32 25 29 28 23 29 24 23 24 18 20 24 25 22 20 22 29 20 26 19 24 16 23 25 17 24 23 20 20 17 22 7 14 18 18 14 19 16 20 26 16 11 13 18 19 17 16 16 14 19 14 20 19 15 16 17 20 14 12 14 13 14 16 17 11 12 10 17 16 14 18 7 15 8
fate kill_other count 470210 frac 0.242843 mean_path_mm 259.4 under 0 over 6303
counts 0 0 0 0 0 0 1319 4736 7351 9591 11755 10840 11363 11535 12000 11189 9215 8041 9275 9958 9475 9060 10270 11913 10907 10010 10670 10198 10627 10133 9803 8419 7512 8135 8034 6691 6110 6303 6347 5276 4867 4964 5242 4598 4054 3939 4118 3826 3465 3070 3130 3169 2833 2648 2397 2479 2246 2162 2094 1904 1978 1785 1625 1567 1533 1596 1450 1409 1390 1114 1262 1314 1212 1030 1062 1368 1204 1031 970 1272 1098 902 944 1022 1175 925 970 980 969 837 933 974 796 881 870 921 796 740 816 811 728 673 745 781 683 633 650 770 613 596 602 587 675 589 524 569 605 509 535 495 537 503 493 477 468 431 414 360 465 401 364 339 412 387 363 362 382 345 308 327 311 362 291 302 363 295 272 274 298 317 232 273 281 241 283 283 282 261 223 249 205 206 216 215 223 226 202 181 193 175 180 186 189 186 187 187 165 189 180 153 161 183 183 163 156 170 191 179 173 192 170 192 157 173 173 174 188 188 170 166 130 186 155 129 152 163 157 158 138 135 138 125 159 141 146 120 136 134 131 131 133 130 125 109 114 108 107 99 125 103 105 96 100 108 86 105 97 77 107 91 98 98 81 79 82 75 76 79 69 66 60 87 67 72 73 70 76 88 77 61 67 65 66 89 63 77 61 63 63 70 53 53 55 58 51 42 55 50 55 62 49 65 62 52 63 67 58 51 60 63 56 75 80 63 74 66 50 66 58 62 58 78 67 57 68 58 71 72 55 52 77 67 63 51 54 60 57 48 61 54 45 63 54 46 54 43 48 57 55 39 48 48 46 39 57 43 45 42 39 51 65 42 46 43 38 37 46 29 52 53 36 40 35 39 34 44 36 25 39 36 41 35 29 51 35 43 39 41 34 34 30 28 40 31 35 36 35 39 28 33 41 36 31 33 31 42 39 41 33 28 31 29 31 29 33 39 32 31 22 35
