# CBDsim optical photon total track-length histogram
nbins 400
xmax_mm 2000
nfates 9
total_tracks 1967415
mean_path_mm_all 228.655
hist total under 0 over 12227
counts 30778 28958 27268 43302 36387 22750 31774 30396 27988 28123 33383 36934 75695 54520 62266 55532 44087 39974 40836 37003 32169 29557 26114 23128 39637 51455 42870 37751 37331 34132 30170 30781 28141 25003 22899 21037 19980 18492 17481 16473 14878 13469 12656 11606 10239 10148 10101 9835 8922 8310 7339 6701 6849 6738 6724 6817 6187 5820 5551 6110 5920 6135 6651 6341 5758 5414 5733 5850 5998 5888 6007 5742 5429 5864 5442 5517 5319 5245 5152 4648 4583 4667 4435 4256 4107 4135 4012 3996 3828 3787 3593 3681 3968 3812 3712 3732 3499 3485 3381 3650 3508 3491 3370 3198 3075 3038 3234 3087 2934 3032 2830 2615 2569 2694 2465 2492 2448 2327 2158 2174 2194 2229 2217 2220 1982 1846 1857 1844 1927 1952 1914 1781 1659 1593 1560 1744 1762 1681 1619 1531 1528 1492 1556 1687 1648 1549 1680 1508 1529 1528 1677 1718 1561 1494 1372 1371 1466 1477 1529 1332 1348 1275 1219 1208 1313 1319 1286 1266 1076 1051 1036 1096 1138 1036 1001 933 910 923 910 1039 968 930 835 808 842 848 882 825 811 824 793 725 825 788 794 771 778 742 719 760 775 723 745 687 646 708 656 663 648 677 648 624 579 631 572 587 544 557 547 563 495 570 545 520 501 487 472 479 505 454 452 493 445 479 459 473 435 451 442 409 410 372 420 398 410 385 412 429 381 348 425 367 405 338 348 351 329 352 340 292 323 320 317 329 289 291 269 279 267 284 305 271 252 275 236 291 288 280 230 270 260 283 267 248 256 257 249 230 219 211 227 221 215 208 222 187 202 226 204 207 191 178 178 186 186 180 180 170 165 182 172 184 166 160 172 174 163 162 139 182 181 155 168 137 136 160 151 148 147 146 158 149 143 133 143 144 131 102 133 125 128 133 113 128 123 125 118 118 112 109 103 87 112 114 106 113 99 84 92 107 107 95 91 90 107 103 116 80 93 98 83 95 88 101 87 86 92 72 82 65 89 86 79 79 78 61 79 71 80 74 75 58 74 77 75 77 94 83 64 66
fate detected count 117400 frac 0.0596722 mean_path_mm 183.052 under 0 over 213
counts 0 0 0 0 0 0 0 0 0 0 4 102 8875 5420 7437 6959 4928 3363 2871 2458 2046 1680 1411 1097 4214 6382 4791 3850 3990 3720 3068 3021 2275 2065 1913 1769 1545 1367 1227 865 858 770 698 625 533 444 436 359 349 356 306 261 245 191 169 143 212 193 196 259 249 232 241 221 195 239 266 235 244 268 270 298 290 330 274 307 272 285 247 260 245 235 224 210 178 152 158 172 133 130 121 143 132 134 133 134 120 145 130 132 126 112 107 97 110 90 123 93 116 104 92 103 80 102 85 93 80 82 85 85 65 68 74 63 51 50 72 60 45 51 70 63 54 51 48 52 44 43 29 47 44 46 48 46 38 41 59 41 44 42 46 52 46 40 41 41 34 42 48 54 41 40 38 36 35 32 49 33 34 38 40 32 35 25 32 24 21 23 36 23 21 20 30 31 24 17 23 21 16 22 25 15 32 26 16 22 33 19 36 20 20 24 26 22 20 22 21 18 25 19 14 18 17 13 15 19 13 17 15 19 11 16 14 16 13 12 10 16 13 6 14 6 9 7 7 18 20 11 15 9 12 12 10 10 13 18 10 11 8 7 7 9 7 9 14 7 6 9 7 9 12 6 9 9 13 10 3 4 5 7 7 10 7 4 3 9 14 4 11 3 4 6 10 7 6 9 7 8 0 5 2 6 11 5 9 5 6 6 5 8 6 4 4 3 9 6 9 2 3 4 4 5 4 3 6 3 3 4 1 5 8 1 4 6 4 5 5 2 3 2 7 6 3 3 1 3 4 6 3 3 4 2 5 1 1 2 5 1 5 3 1 3 1 5 5 2 4 3 2 2 3 3 4 4 5 3 1 3 2 1 1 2 0 3 2 2 2 1 1 1 2 3 1 1 1 2 4 1 1 2 3 3 0 3 0 1 2 2 1 2
fate qe_reject count 430427 frac 0.218778 mean_path_mm 184.736 under 0 over 813
counts 0 0 0 0 0 0 0 0 0 0 15 351 31981 19750 27244 24884 17651 12352 10496 9108 7390 6458 5431 3943 15883 23235 17393 14098 14707 13682 11308 11112 8797 7429 7220 6366 5956 4985 4250 3376 2963 2837 2613 2320 1970 1642 1497 1316 1296 1247 1161 1004 783 675 605 575 647 731 791 981 885 919 880 828 755 856 952 921 937 943 969 991 956 1150 1011 1045 1105 1068 964 959 877 838 747 673 634 627 610 545 479 486 543 521 498 500 473 526 467 505 482 459 450 406 396 357 425 416 440 366 375 391 355 344 351 345 322 303 302 285 307 260 277 230 276 256 226 217 199 217 199 179 252 215 197 215 160 190 188 182 166 133 179 188 165 169 183 172 220 174 171 197 191 199 170 208 168 180 203 143 163 143 148 162 132 156 170 139 143 135 148 123 104 126 106 98 106 97 99 89 99 100 90 74 89 106 107 89 92 78 87 86 65 83 78 70 80 77 88 84 84 71 69 84 71 90 77 89 81 82 71 80 73 78 61 60 57 67 55 60 52 56 49 53 58 59 57 45 47 52 44 41 42 46 37 61 59 49 47 56 49 41 39 39 21 48 51 39 40 49 46 46 52 39 58 34 37 36 36 36 31 29 27 39 34 33 25 33 19 32 26 28 26 23 31 33 17 21 32 22 22 27 34 29 30 34 21 24 25 27 29 26 13 24 28 19 17 17 22 20 29 21 15 15 10 15 14 19 18 11 21 17 17 23 12 15 19 13 18 17 15 16 19 19 13 14 13 9 11 17 21 12 13 19 17 10 16 22 9 12 5 8 18 19 11 14 14 14 9 4 16 11 13 10 9 14 7 16 12 3 11 14 4 6 5 7 11 11 16 6 10 9 10 19 7 10 5 8 8 6 6 3 4 13 4 8 11 4 9 11 6 8 8 6 13 5 7 11 10 9 5 4
fate absorb_scint count 128942 frac 0.0655388 mean_path_mm 290.944 under 0 over 3600
counts 4276 4216 3968 3899 3872 3708 3608 3171 2866 2688 2554 2451 2306 2145 2128 2073 1943 1899 1778 1700 1581 1469 1416 1380 1260 1242 1171 1123 1030 1029 1025 923 919 874 843 777 837 861 816 808 738 749 754 727 759 721 670 639 666 657 678 679 654 602 635 604 643 586 609 581 565 548 498 502 526 498 508 469 483 435 433 457 443 460 422 464 361 350 397 379 356 359 344 340 328 349 326 350 343 336 323 313 309 289 305 263 253 282 244 246 255 247 222 230 220 245 237 253 182 219 200 199 228 208 220 187 191 167 182 212 203 185 175 173 172 162 178 154 149 152 181 162 146 159 146 150 165 154 135 133 137 132 119 115 124 139 145 118 129 105 117 112 118 121 117 95 118 96 114 93 121 108 97 88 87 99 92 111 87 83 77 82 98 93 72 89 87 69 66 83 76 94 67 66 78 79 74 63 78 78 58 67 80 53 50 57 68 61 67 71 75 70 52 41 60 58 54 43 43 47 49 47 48 56 54 52 39 39 39 49 42 37 53 46 47 41 38 40 35 45 54 44 33 34 43 49 30 28 42 35 36 32 33 34 24 40 36 40 28 32 45 36 47 29 31 30 38 24 37 30 23 27 28 30 30 18 27 22 26 27 43 27 25 30 20 20 21 28 21 28 19 29 23 33 18 18 29 17 17 22 20 27 30 19 19 23 21 20 25 24 16 16 17 25 12 16 15 21 14 18 18 15 17 11 19 28 14 13 19 21 15 16 21 18 9 16 17 17 14 12 17 15 7 18 21 14 7 10 18 14 8 14 16 17 17 16 15 14 10 12 8 11 10 11 10 16 19 8 13 7 18 10 10 12 16 13 8 6 11 11 13 11 12 10 13 10 9 5 18 13 11 9 13 8 13 13 14 9 6 12 16 6 10 10 11 12 14 12 8 10
fate absorb_lg count 2355 frac 0.001197 mean_path_mm 245.392 under 0 over 8
counts 0 0 0 0 0 0 7 21 48 52 72 64 83 65 64 58 62 61 44 50 50 44 57 41 61 50 56 43 51 44 43 31 35 33 31 34 37 28 27 23 20 24 22 18 9 17 17 16 11 8 3 18 8 8 11 3 7 7 10 8 6 11 9 12 13 6 6 8 8 3 4 8 11 3 5 4 7 10 5 6 6 6 5 6 7 6 3 2 9 7 4 5 6 4 10 8 6 8 10 4 6 1 1 8 3 2 4 3 1 3 2 5 3 2 6 1 5 2 2 2 2 4 1 1 2 3 2 1 1 3 1 1 2 0 3 1 1 3 4 4 1 1 2 1 0 2 4 0 3 4 4 4 1 3 0 3 1 1 1 1 2 4 4 2 0 2 1 3 2 1 0 1 0 2 2 1 3 3 1 0 1 0 4 2 0 5 2 0 0 0 1 0 0 0 1 0 1 2 0 4 2 0 2 0 1 0 1 0 0 0 1 3 0 1 2 0 0 2 3 0 0 0 1 0 0 3 1 0 3 0 0 0 0 2 1 0 0 0 1 1 0 0 0 0 0 0 1 1 1 0 0 0 1 1 1 1 1 0 0 0 0 0 1 1 1 0 1 0 0 1 1 0 0 0 1 1 0 0 0 0 1 0 0 0 0 1 0 0 0 0 0 0 0 0 0 0 0 0 0 1 0 0 0 0 2 0 0 0 0 0 0 1 0 0 1 0 1 0 0 1 2 0 0 0 0 0 0 0 2 1 0 1 0 0 1 0 0 0 0 0 0 0 0 2 0 0 0 0 0 0 1 0 0 0 0 0 0 0 0 0 0 1 0 0 0 0 0 0 0 0 0 0 0 0 0 0 0 0 0 0 0 0 0 0 0 0 0 0 0 0 1 1 0 0 0 0 0 0 0 0
fate absorb_glass count 65 frac 3.30383e-05 mean_path_mm 226.654 under 0 over 0
counts 0 0 0 0 0 0 0 0 0 0 0 0 1 3 0 4 2 4 2 1 2 1 0 0 2 5 2 2 3 0 3 1 1 1 1 2 0 0 0 1 0 1 2 0 0 2 0 0 1 0 1 1 0 1 0 0 0 0 1 0 1 1 1 0 0 0 0 0 0 0 0 0 0 0 0 0 1 0 0 0 0 0 0 0 0 0 0 0 0 0 0 0 0 0 0 0 0 0 0 0 0 0 0 0 0 1 0 0 0 0 0 0 0 0 0 0 0 0 0 0 0 0 0 0 0 0 1 0 0 0 0 0 0 1 0 0 0 0 0 0 1 0 0 0 0 0 0 0 0 0 0 0 0 1 0 0 0 0 0 0 0 0 0 0 0 0 0 0 0 0 0 0 0 0 0 0 0 0 0 0 0 0 0 0 0 0 0 0 0 0 0 0 0 0 0 0 0 0 0 0 0 0 0 0 0 0 0 0 0 0 0 0 0 0 0 0 0 0 0 0 0 0 0 0 0 0 0 0 0 0 0 0 0 0 0 0 0 0 0 0 0 0 0 0 0 0 0 0 1 0 0 0 0 0 0 0 1 0 0 0 0 0 0 0 0 0 0 0 0 0 0 0 0 0 0 0 0 0 0 0 0 0 0 0 0 0 0 0 0 0 0 0 0 0 0 0 0 0 0 0 0 0 0 0 0 0 0 0 0 0 0 0 0 0 0 0 0 0 0 0 0 0 0 0 0 0 0 0 0 0 0 0 0 0 0 0 0 0 0 0 0 0 0 0 0 0 0 0 0 0 0 0 0 0 0 0 0 0 0 0 0 0 0 0 0 0 0 0 0 0 0 0 0 0 0 0 0 0 0 0 0 0 0 0 0 0 0 0 0 0 0 0 0 0 0 0 0 0 0 0
fate absorb_si count 0 frac 0 mean_path_mm 0 under 0 over 0
counts 0 0 0 0 0 0 0 0 0 0 0 0 0 0 0 0 0 0 0 0 0 0 0 0 0 0 0 0 0 0 0 0 0 0 0 0 0 0 0 0 0 0 0 0 0 0 0 0 0 0 0 0 0 0 0 0 0 0 0 0 0 0 0 0 0 0 0 0 0 0 0 0 0 0 0 0 0 0 0 0 0 0 0 0 0 0 0 0 0 0 0 0 0 0 0 0 0 0 0 0 0 0 0 0 0 0 0 0 0 0 0 0 0 0 0 0 0 0 0 0 0 0 0 0 0 0 0 0 0 0 0 0 0 0 0 0 0 0 0 0 0 0 0 0 0 0 0 0 0 0 0 0 0 0 0 0 0 0 0 0 0 0 0 0 0 0 0 0 0 0 0 0 0 0 0 0 0 0 0 0 0 0 0 0 0 0 0 0 0 0 0 0 0 0 0 0 0 0 0 0 0 0 0 0 0 0 0 0 0 0 0 0 0 0 0 0 0 0 0 0 0 0 0 0 0 0 0 0 0 0 0 0 0 0 0 0 0 0 0 0 0 0 0 0 0 0 0 0 0 0 0 0 0 0 0 0 0 0 0 0 0 0 0 0 0 0 0 0 0 0 0 0 0 0 0 0 0 0 0 0 0 0 0 0 0 0 0 0 0 0 0 0 0 0 0 0 0 0 0 0 0 0 0 0 0 0 0 0 0 0 0 0 0 0 0 0 0 0 0 0 0 0 0 0 0 0 0 0 0 0 0 0 0 0 0 0 0 0 0 0 0 0 0 0 0 0 0 0 0 0 0 0 0 0 0 0 0 0 0 0 0 0 0 0 0 0 0 0 0 0 0 0 0 0 0 0 0 0 0 0 0 0 0 0 0 0 0 0 0 0 0 0 0 0 0 0 0 0 0 0
fate absorb_other count 99 frac 5.03198e-05 mean_path_mm 180.126 under 0 over 0
counts 0 0 0 0 0 0 0 0 0 0 0 0 8 2 2 4 6 3 4 4 2 1 2 3 4 7 0 2 2 3 2 5 2 1 3 3 0 1 1 3 1 0 2 0 0 0 0 0 0 0 0 1 0 0 0 2 0 0 0 0 1 0 0 1 0 0 0 0 1 0 0 0 0 0 0 1 0 0 0 1 1 0 0 0 0 0 0 0 0 0 0 0 1 0 0 1 0 0 0 0 0 0 0 0 0 0 1 0 1 0 0 0 0 0 0 0 0 0 0 1 0 0 0 0 0 0 0 0 0 0 0 0 0 0 0 0 0 0 0 0 0 0 0 0 0 0 0 0 0 0 0 0 0 0 0 0 0 0 0 0 0 0 0 0 0 0 0 0 0 0 0 0 0 0 0 0 0 0 0 0 0 0 0 0 0 0 0 0 0 0 0 0 0 0 0 0 0 0 0 0 0 0 0 0 0 0 0 0 0 0 1 0 0 0 0 0 0 0 0 1 0 0 0 0 0 0 0 0 0 0 0 0 0 0 0 0 0 0 0 0 0 0 0 0 0 0 0 0 0 0 0 0 0 0 0 0 0 0 0 0 0 0 0 0 0 0 0 0 0 0 0 0 0 0 0 0 0 0 0 0 0 0 0 0 0 0 0 0 0 0 0 0 0 0 0 0 0 0 0 0 0 0 0 0 0 0 0 0 0 0 0 0 0 0 0 0 0 0 0 0 0 0 0 0 0 0 0 0 0 0 0 0 0 0 0 0 0 0 0 0 0 0 0 0 0 0 0 0 0 0 0 0 0 0 0 0 0 0 0 0 0 0 0 0 0 0 0 0 0 0 0 0 0 0 0 0 0 0 0 0 0 0 0 0 0 0 0 0 0 0 0 0 0 0 0 0 0 0 0 0
fate kill_world count 710817 frac 0.361295 mean_path_mm 204.31 under 0 over 2644
counts 26502 24742 23300 39403 32515 19036 27341 21481 15825 14267 18991 22152 18767 12302 10582 9771 8700 11066 13112 11056 9635 8505 6204 4951 6713 8414 7924 7178 6735 5999 5337 5315 6119 5777 4852 4668 3951 3493 4371 5157 4492 3643 3284 2995 2632 3317 3677 4071 3330 2649 2295 2138 2704 2948 3099 3131 2480 2240 1852 2163 2369 2486 2701 2379 2009 1783 1970 2041 2025 1995 2163 1918 1612 1795 1813 1815 1716 1810 1802 1473 1507 1606 1595 1557 1600 1533 1359 1362 1402 1333 1228 1347 1384 1230 1238 1256 1189 1065 1071 1307 1140 1156 1130 1101 955 966 1075 1074 1066 1100 1069 885 828 1022 938 987 953 874 755 828 874 949 952 890 812 756 739 728 877 942 789 755 632 593 655 753 772 685 648 647 613 524 577 687 625 550 585 518 531 515 632 623 564 496 458 443 474 586 597 490 471 440 421 410 540 545 491 500 372 364 400 434 472 414 410 367 342 342 352 481 413 375 332 307 275 332 333 333 303 320 292 271 309 311 320 320 278 256 235 277 328 286 291 278 233 251 233 273 250 255 277 222 218 247 225 222 205 221 217 207 182 205 182 212 174 178 179 175 186 164 164 181 174 175 177 173 153 165 151 157 155 130 174 139 142 129 140 164 129 119 148 143 138 120 119 122 125 121 121 100 122 117 118 116 98 112 102 93 103 102 112 96 90 99 79 115 101 94 79 89 92 105 93 72 103 87 92 75 72 68 101 74 67 77 79 60 79 87 69 72 78 48 66 63 80 64 59 60 61 68 62 64 61 55 52 64 55 65 40 64 73 51 54 38 47 55 63 43 49 54 58 48 53 58 41 46 44 25 43 38 41 42 33 43 35 43 41 33 37 32 31 31 38 40 39 33 28 30 24 39 39 35 31 31 31 30 38 33 29 45 22 26 27 37 28 26 35 23 19 21 32 25 16 25 25 15 26 19 22 26 20 16 24 28 21 22 34 23 26 23
fate kill_other count 577310 frac 0.293436 mean_path_mm 286.676 under 0 over 4949
counts 0 0 0 0 0 6 818 5723 9249 11116 11747 11814 13674 14833 14809 11779 10795 11226 12529 12626 11463 11399 11593 11713 11500 12120 11533 11455 10813 9655 9384 10373 9993 8823 8036 7418 7654 7757 6789 6240 5806 5445 5281 4921 4336 4005 3804 3434 3269 3393 2895 2599 2455 2313 2205 2359 2198 2063 2092 2118 1844 1938 2321 2398 2260 2032 2031 2176 2300 2244 2168 2070 2117 2126 1917 1881 1857 1722 1737 1570 1591 1623 1520 1470 1360 1468 1556 1565 1462 1495 1374 1352 1638 1655 1553 1544 1464 1480 1444 1502 1531 1569 1514 1405 1362 1318 1354 1298 1193 1215 1112 1079 1079 1015 894 921 917 917 827 786 773 793 739 837 719 658 666 684 656 625 621 585 628 574 548 598 592 614 637 567 553 601 645 669 678 645 667 657 651 665 687 728 662 625 588 609 636 609 606 551 565 521 527 516 481 502 510 484 433 442 415 421 427 404 379 355 358 397 356 352 367 367 313 296 358 326 358 330 327 318 352 289 326 328 327 295 310 320 297 317 281 259 303 256 255 288 266 247 259 276 233 256 235 254 219 227 232 218 221 231 211 259 237 187 210 208 197 196 224 198 178 216 192 200 172 184 185 191 184 166 168 159 182 167 180 159 185 164 168 144 173 140 154 145 146 155 122 162 144 124 139 131 127 140 122 118 117 128 107 119 116 115 99 109 116 125 120 132 97 123 110 114 111 102 108 118 96 103 101 90 91 90 79 88 98 82 74 93 76 81 76 95 81 80 69 75 79 76 66 75 71 76 72 76 75 66 72 63 64 75 64 68 76 61 63 75 55 69 58 65 63 60 63 44 63 59 67 49 64 62 57 56 48 51 56 50 48 66 44 51 49 32 54 44 45 46 36 40 42 45 43 40 41 36 44 46 53 32 41 32 37 37 42 41 39 40 38 37 38 27 40 36 45 37 28 27 26 31 45 26 27 26 27 31 36 31 34 37 24 27
