# CBDsim optical photon total track-length histogram
nbins 400
xmax_mm 2000
nfates 9
total_tracks 1997992
mean_path_mm_all 357.829
hist total under 0 over 68397
counts 31045 29445 27813 26279 52451 27133 106572 57152 32527 42129 41492 34884 35932 29731 24577 16226 14457 13719 28022 28589 36693 27131 23517 23286 24787 21006 14582 12408 14632 15673 17074 22397 16814 15684 17841 14536 15157 14828 15926 15444 12356 10209 12302 16803 16801 13727 11568 10066 11797 11403 9356 8606 10689 10971 10167 8617 7459 7548 7434 9100 8530 7606 7583 9382 9034 7821 8900 9155 10077 8749 8294 8345 8572 7989 6976 6508 7075 7065 6910 6094 6187 6214 5954 5375 6744 6423 5584 5122 4596 4294 4770 4447 4995 5277 4789 4744 4513 4561 4639 4293 4301 3920 3934 4136 4190 3849 4282 4130 4070 4135 3965 3660 3509 3660 3383 3727 3898 3940 3710 3558 3376 3431 3284 3150 3505 3364 3147 3115 2727 2603 2769 2905 3131 3023 3230 3148 2849 2728 2643 2513 2855 2847 2588 2616 2785 2701 2688 2454 2615 2360 2361 2362 2307 2251 2045 2125 2221 2176 2145 1963 1989 1969 1860 1770 2056 2120 1910 1801 1733 1824 1692 1669 1703 1660 1709 1648 1574 1625 1568 1535 1565 1666 1594 1530 1518 1495 1453 1410 1377 1364 1335 1321 1329 1330 1214 1338 1374 1358 1307 1406 1302 1244 1181 1120 1221 1186 1159 1141 1238 1151 1160 1174 1124 1199 1051 1126 1102 1019 1082 982 1092 967 1101 989 978 999 967 917 894 930 842 884 839 914 898 881 959 906 878 883 817 801 828 777 757 862 767 788 827 778 808 778 727 737 822 787 742 754 717 711 749 753 700 717 654 719 718 735 716 679 706 657 638 629 588 593 610 613 602 583 598 578 568 563 583 574 598 515 536 523 568 552 510 540 509 475 524 523 558 494 556 535 490 500 485 496 447 446 514 467 536 489 460 500 500 487 470 454 474 477 422 435 415 435 402 400 426 418 415 383 421 387 411 397 418 376 361 382 412 383 399 372 365 343 379 407 377 383 405 363 347 343 359 351 335 309 352 359 325 282 337 325 350 326 325 286 325 300 328 334 254 293 286 284 279 289 297 285 327 307 335 287 283 295 275 247 282 251 241 255 271 279 270 260 248 240 274 267 271 259
fate detected count 205065 frac 0.102636 mean_path_mm 397.526 under 0 over 7483
counts 0 0 0 0 0 344 15130 5809 2887 5281 5322 4122 2488 1601 1107 664 691 638 3222 3415 4196 2307 1800 2432 3149 2687 1760 1367 1174 1477 1620 2815 1675 1670 2211 1690 1580 1643 2118 2120 1360 1220 1657 2496 2192 1711 1341 1271 1662 1500 1138 979 1177 1330 1251 913 858 871 863 1296 1031 817 829 1254 1248 1027 1230 1443 1441 1187 1084 1115 1198 1140 960 887 897 994 928 778 815 792 795 685 921 808 708 622 524 518 666 584 581 695 549 556 548 599 625 575 487 481 478 537 511 497 543 535 451 490 510 457 437 476 382 535 479 479 461 449 408 401 392 344 429 384 335 331 283 300 337 361 357 323 406 349 311 227 279 296 322 349 291 278 365 297 320 280 283 243 247 264 220 219 219 211 248 215 233 193 201 190 207 197 223 236 211 198 153 178 155 178 172 146 149 185 176 195 170 164 177 161 164 141 174 161 168 151 118 169 126 131 148 146 137 145 137 134 136 157 146 122 120 128 131 123 106 126 129 136 131 123 128 129 128 111 119 105 98 109 122 109 110 96 91 102 103 106 90 94 79 89 91 105 107 88 99 104 88 90 87 85 98 87 96 102 83 94 94 85 94 77 79 73 99 75 69 84 78 81 101 93 91 85 63 93 92 82 73 78 99 81 69 64 55 72 81 75 78 67 69 64 48 56 63 59 55 60 71 66 62 61 48 57 66 57 47 57 48 62 82 58 63 50 43 59 53 44 63 56 59 57 57 68 66 48 49 57 44 55 40 39 51 53 49 47 57 38 48 46 56 44 40 59 57 48 45 46 51 50 46 40 49 33 42 54 47 45 43 45 33 45 34 48 41 36 47 37 31 41 32 42 34 40 43 39 38 37 43 34 31 41 29 35 26 25 30 33 30 34 36 34 31 25 33 28 27 41 23 33 25 31 34 31 25 41 31 34 23 27
fate qe_reject count 767773 frac 0.384272 mean_path_mm 407.71 under 0 over 30301
counts 0 0 0 0 0 1269 55467 22170 10730 19147 19322 15314 9325 6321 4233 2274 2603 2517 12111 12355 15091 8361 6381 9195 11467 10259 6573 5053 4262 5378 6337 10145 6038 6000 8415 6148 5687 5881 7846 7975 5728 4287 5620 9587 8202 6184 5024 4568 6041 5604 4117 3619 4282 5036 4572 3788 3263 3395 3251 4755 3586 3083 3169 4621 4447 3645 4858 5211 5334 4442 4101 4312 4662 4325 3669 3457 3525 3718 3480 2828 2825 3121 2864 2594 3324 3199 2728 2497 2084 2022 2323 2202 2313 2484 2054 2021 1925 2283 2391 2131 1944 1681 1801 1937 2072 1768 2194 2047 1770 1838 1812 1613 1488 1671 1554 1874 1850 1828 1772 1690 1497 1498 1365 1431 1522 1463 1312 1268 1127 1019 1166 1358 1253 1300 1520 1392 1236 1199 1157 1095 1198 1261 1141 1145 1264 1246 1160 1068 1074 990 1018 976 924 897 786 817 822 800 754 757 782 754 707 711 790 862 695 693 697 696 655 681 668 655 731 697 649 747 681 656 619 668 649 596 594 643 619 558 574 510 553 529 514 518 520 547 553 522 516 576 557 548 491 460 466 462 462 474 534 461 494 523 452 455 403 460 437 418 445 411 435 384 434 386 404 399 393 354 333 345 330 365 353 373 365 398 407 357 375 356 338 335 359 334 347 369 318 347 331 332 367 361 314 320 384 350 320 307 301 300 317 327 303 294 298 296 312 359 316 310 304 266 264 267 278 251 274 275 261 233 257 250 245 250 228 256 297 229 222 223 256 224 227 211 196 202 230 235 245 208 241 242 197 220 217 221 233 209 235 196 244 218 209 225 228 238 243 203 237 209 196 201 187 200 174 173 193 200 191 175 172 181 181 168 182 178 163 188 193 172 170 165 158 164 180 196 172 180 186 186 154 147 174 145 145 150 148 173 150 136 164 148 160 152 150 133 155 128 159 155 119 134 127 138 126 134 159 113 160 149 152 126 142 133 137 125 136 113 109 109 129 127 132 120 128 103 114 134 116 127
fate absorb_scint count 228312 frac 0.114271 mean_path_mm 515.594 under 0 over 21276
counts 4196 4072 3958 4045 4003 3673 3487 3496 3225 3166 3171 2936 2916 2717 2746 2628 2557 2658 2508 2498 2371 2301 2143 2169 2185 2023 1969 2001 2009 1919 1815 1777 1802 1778 1761 1693 1617 1533 1526 1527 1520 1423 1441 1357 1358 1241 1334 1207 1240 1242 1185 1158 1148 1176 1134 1092 1023 1074 1066 1056 1007 1008 1001 930 959 906 870 799 880 850 853 830 801 759 797 802 755 723 756 707 747 646 685 650 651 657 661 620 640 593 609 623 592 579 590 601 551 521 543 571 554 517 525 498 521 503 481 480 486 450 453 439 457 455 451 424 407 419 409 393 408 412 392 398 358 367 400 421 398 364 402 328 379 357 349 375 356 356 331 324 353 333 291 335 312 310 303 274 316 290 311 307 262 279 270 290 247 275 266 245 264 274 229 245 250 239 271 254 248 266 228 196 244 216 228 197 216 201 214 223 210 210 217 214 220 202 192 192 183 189 179 200 189 184 183 176 163 207 203 202 182 191 167 178 172 169 178 175 157 179 156 147 144 174 143 167 149 151 169 129 152 142 173 147 151 153 153 143 135 164 138 136 119 145 146 105 136 143 130 132 136 126 108 126 99 137 129 107 130 126 122 114 119 116 116 127 120 117 120 115 94 115 107 127 103 105 108 98 114 99 100 107 105 113 94 113 101 102 84 104 104 93 98 99 102 74 89 72 84 89 94 111 90 108 94 78 82 82 106 98 80 84 90 95 100 88 70 79 83 84 101 87 91 75 81 76 82 88 73 84 78 80 75 80 83 65 79 88 84 66 77 70 79 69 65 54 69 62 82 85 68 69 81 57 72 70 78 73 84 60 83 78 75 73 61 59 84 61 68 57 76 71 64 62 58 44 49 62 53 72 45 62 56 59 60 58 45 61 65 62 70 59 53 60 52 53 67 51 57 47 58 64 66 61 55 47 60 47 61 45
fate absorb_lg count 0 frac 0 mean_path_mm 0 under 0 over 0
counts 0 0 0 0 0 0 0 0 0 0 0 0 0 0 0 0 0 0 0 0 0 0 0 0 0 0 0 0 0 0 0 0 0 0 0 0 0 0 0 0 0 0 0 0 0 0 0 0 0 0 0 0 0 0 0 0 0 0 0 0 0 0 0 0 0 0 0 0 0 0 0 0 0 0 0 0 0 0 0 0 0 0 0 0 0 0 0 0 0 0 0 0 0 0 0 0 0 0 0 0 0 0 0 0 0 0 0 0 0 0 0 0 0 0 0 0 0 0 0 0 0 0 0 0 0 0 0 0 0 0 0 0 0 0 0 0 0 0 0 0 0 0 0 0 0 0 0 0 0 0 0 0 0 0 0 0 0 0 0 0 0 0 0 0 0 0 0 0 0 0 0 0 0 0 0 0 0 0 0 0 0 0 0 0 0 0 0 0 0 0 0 0 0 0 0 0 0 0 0 0 0 0 0 0 0 0 0 0 0 0 0 0 0 0 0 0 0 0 0 0 0 0 0 0 0 0 0 0 0 0 0 0 0 0 0 0 0 0 0 0 0 0 0 0 0 0 0 0 0 0 0 0 0 0 0 0 0 0 0 0 0 0 0 0 0 0 0 0 0 0 0 0 0 0 0 0 0 0 0 0 0 0 0 0 0 0 0 0 0 0 0 0 0 0 0 0 0 0 0 0 0 0 0 0 0 0 0 0 0 0 0 0 0 0 0 0 0 0 0 0 0 0 0 0 0 0 0 0 0 0 0 0 0 0 0 0 0 0 0 0 0 0 0 0 0 0 0 0 0 0 0 0 0 0 0 0 0 0 0 0 0 0 0 0 0 0 0 0 0 0 0 0 0 0 0 0 0 0 0 0 0 0 0 0 0 0 0 0 0 0 0 0 0 0 0 0 0 0 0 0
fate absorb_glass count 142 frac 7.10714e-05 mean_path_mm 537.535 under 0 over 10
counts 0 0 0 0 0 0 8 1 0 3 4 2 1 0 0 1 2 3 1 3 1 0 1 0 0 0 1 1 2 3 2 0 1 2 0 1 2 1 1 0 3 0 3 1 0 2 1 1 0 0 0 0 1 4 1 0 1 1 2 0 1 0 0 1 1 4 0 1 1 0 0 2 2 1 0 0 1 2 0 1 0 0 1 0 0 1 0 0 1 0 0 0 0 0 1 0 0 1 0 0 0 0 0 1 0 1 1 1 0 0 1 0 0 0 0 0 0 0 1 0 0 0 0 3 1 0 1 0 0 0 0 1 0 0 0 0 0 0 0 0 0 1 0 0 0 0 0 0 0 2 0 0 0 0 1 1 0 1 0 1 0 0 0 0 0 0 0 0 0 0 0 0 0 0 0 0 1 1 0 0 0 1 0 0 0 0 0 1 0 0 0 0 0 0 0 0 0 0 0 0 1 0 0 0 0 1 0 0 1 0 0 0 0 1 1 0 0 0 0 0 0 0 0 1 0 0 0 0 0 1 0 0 0 0 1 0 1 0 0 0 0 0 0 0 0 0 0 1 1 0 0 0 0 0 0 0 0 0 0 0 0 0 0 1 0 0 0 0 0 0 0 0 0 0 0 0 0 0 0 0 0 0 0 0 0 0 0 0 0 0 0 0 0 0 0 0 1 0 0 0 0 0 0 0 0 0 0 0 0 0 0 0 0 0 0 0 0 0 0 0 0 0 0 0 0 0 0 0 0 0 0 0 0 0 0 1 0 1 0 0 0 0 0 0 0 1 0 0 0 0 0 0 0 0 0 0 1 0 0 0 0 0 0 0 0 0 0 0 0 0 0 0 0 0 0 0 0 0 0 0 0 0 0 0 0 0 0 0 0 0 0 0 0 0 0 0 0 0 0 0
fate absorb_si count 0 frac 0 mean_path_mm 0 under 0 over 0
counts 0 0 0 0 0 0 0 0 0 0 0 0 0 0 0 0 0 0 0 0 0 0 0 0 0 0 0 0 0 0 0 0 0 0 0 0 0 0 0 0 0 0 0 0 0 0 0 0 0 0 0 0 0 0 0 0 0 0 0 0 0 0 0 0 0 0 0 0 0 0 0 0 0 0 0 0 0 0 0 0 0 0 0 0 0 0 0 0 0 0 0 0 0 0 0 0 0 0 0 0 0 0 0 0 0 0 0 0 0 0 0 0 0 0 0 0 0 0 0 0 0 0 0 0 0 0 0 0 0 0 0 0 0 0 0 0 0 0 0 0 0 0 0 0 0 0 0 0 0 0 0 0 0 0 0 0 0 0 0 0 0 0 0 0 0 0 0 0 0 0 0 0 0 0 0 0 0 0 0 0 0 0 0 0 0 0 0 0 0 0 0 0 0 0 0 0 0 0 0 0 0 0 0 0 0 0 0 0 0 0 0 0 0 0 0 0 0 0 0 0 0 0 0 0 0 0 0 0 0 0 0 0 0 0 0 0 0 0 0 0 0 0 0 0 0 0 0 0 0 0 0 0 0 0 0 0 0 0 0 0 0 0 0 0 0 0 0 0 0 0 0 0 0 0 0 0 0 0 0 0 0 0 0 0 0 0 0 0 0 0 0 0 0 0 0 0 0 0 0 0 0 0 0 0 0 0 0 0 0 0 0 0 0 0 0 0 0 0 0 0 0 0 0 0 0 0 0 0 0 0 0 0 0 0 0 0 0 0 0 0 0 0 0 0 0 0 0 0 0 0 0 0 0 0 0 0 0 0 0 0 0 0 0 0 0 0 0 0 0 0 0 0 0 0 0 0 0 0 0 0 0 0 0 0 0 0 0 0 0 0 0 0 0 0 0 0 0 0 0 0
fate absorb_other count 215 frac 0.000107608 mean_path_mm 684.384 under 0 over 34
counts 0 0 0 0 0 0 9 4 1 4 4 5 2 2 2 0 2 3 4 1 0 0 1 3 2 3 2 0 2 1 0 3 1 3 3 2 1 3 1 1 0 0 2 0 2 3 1 0 1 3 1 2 1 1 3 1 1 1 0 3 0 0 2 1 1 0 2 0 1 1 0 0 2 0 2 1 2 0 2 0 0 0 0 0 1 1 1 1 0 0 0 1 0 1 0 0 1 0 0 0 2 1 0 0 0 0 1 1 0 1 2 1 0 0 0 1 0 0 1 0 0 0 2 0 1 0 1 0 2 0 0 0 1 1 0 0 1 0 0 0 0 0 0 0 0 0 1 0 0 0 0 1 1 0 0 0 0 0 0 0 0 0 0 0 0 0 0 0 0 0 0 1 1 1 0 0 0 0 0 1 0 0 0 0 2 1 0 0 1 0 0 1 0 0 0 0 0 0 0 0 0 0 1 1 0 0 0 0 0 0 0 0 0 0 1 0 0 0 0 0 0 0 0 0 1 0 0 1 0 0 1 0 0 0 0 1 0 0 0 0 0 1 0 0 0 0 0 0 0 0 2 0 0 0 0 0 1 0 0 0 0 0 0 0 0 0 0 0 0 0 0 0 1 0 1 0 0 0 0 0 0 0 0 0 0 0 1 0 0 0 0 1 0 1 0 0 0 0 0 0 0 0 0 0 0 0 0 0 0 0 0 0 0 0 0 0 0 1 0 0 0 0 0 0 0 0 0 0 0 0 0 0 0 1 1 0 0 0 0 0 0 0 0 0 0 0 0 0 0 2 1 0 0 0 0 0 0 0 0 0 0 0 1 0 0 0 0 0 0 0 0 0 0 0 0 0 0 0 0 0 0 0 0 0 0 0 0 0 0 0 0 0 1 0 0 0 0 0 0 0
fate kill_world count 796342 frac 0.398571 mean_path_mm 254.077 under 0 over 9265
counts 26849 25373 23855 22234 48448 21847 32467 25672 15684 14528 13669 12500 21200 19089 16487 10657 8601 7898 10172 10316 15033 14162 13191 9486 7984 6032 4276 3986 7183 6895 7299 7656 7294 6231 5451 5002 6269 5766 4433 3818 3743 3279 3579 3362 5047 4585 3865 3018 2852 3052 2914 2848 4079 3423 3203 2822 2313 2206 2252 1989 2904 2698 2582 2575 2378 2239 1940 1701 2419 2269 2256 2086 1906 1764 1547 1360 1895 1628 1744 1779 1799 1654 1609 1445 1846 1756 1485 1381 1347 1161 1172 1036 1509 1518 1595 1565 1487 1156 1079 1016 1314 1240 1130 1163 1086 1080 1062 1066 1363 1356 1187 1150 1127 1058 996 893 1162 1213 1066 1026 1063 1119 1132 973 1193 1149 1098 1095 916 920 864 857 1140 1042 955 1032 942 946 876 798 982 903 865 858 844 847 902 832 942 835 785 813 900 856 769 806 904 885 892 767 742 751 716 617 793 783 732 656 635 684 654 613 618 642 601 569 531 481 503 491 558 626 564 579 528 487 474 508 501 496 477 460 478 482 374 470 521 495 452 471 416 383 402 353 452 431 413 365 417 375 379 381 400 440 375 388 397 345 370 333 383 332 384 359 331 344 318 313 336 326 294 294 276 291 279 288 316 302 285 305 256 254 263 230 215 254 237 238 271 235 223 225 215 228 223 235 232 246 218 214 237 218 199 210 189 225 206 195 213 192 203 202 199 184 160 157 154 161 179 179 168 171 177 158 190 185 156 154 159 145 156 155 145 163 152 138 164 149 159 126 153 151 140 134 125 128 91 114 133 131 132 127 103 132 125 125 95 105 120 129 108 115 102 102 96 115 97 92 92 96 116 91 110 100 113 95 84 85 86 76 115 98 77 89 85 85 79 85 92 70 76 73 76 85 88 64 72 87 76 48 64 64 91 72 74 69 83 73 73 73 59 56 74 52 67 72 63 78 72 62 77 67 57 76 53 41 52 46 52 66 59 57 37 48 40 49 69 52 71 60
fate kill_other count 143 frac 7.15719e-05 mean_path_mm 834.528 under 0 over 28
counts 0 0 0 0 0 0 4 0 0 0 0 5 0 1 2 2 1 2 4 1 1 0 0 1 0 2 1 0 0 0 1 1 3 0 0 0 1 1 1 3 2 0 0 0 0 1 2 1 1 2 1 0 1 1 3 1 0 0 0 1 1 0 0 0 0 0 0 0 1 0 0 0 1 0 1 1 0 0 0 1 1 1 0 1 1 1 1 1 0 0 0 1 0 0 0 1 1 1 1 0 0 0 0 0 0 0 0 0 0 0 0 0 0 0 0 0 0 1 0 0 0 1 1 1 1 1 0 0 1 0 0 0 1 0 0 0 3 0 0 0 0 0 0 0 0 1 2 0 0 0 0 1 0 0 0 0 0 0 0 0 0 0 1 0 0 0 1 0 0 0 0 0 0 0 0 0 1 0 0 0 1 0 0 0 0 1 0 0 0 0 0 0 0 0 0 0 0 0 0 0 0 0 0 0 0 0 0 1 0 0 0 0 0 0 0 0 0 0 0 0 0 0 0 0 0 1 0 0 0 0 0 0 0 0 0 1 0 0 0 0 0 0 0 0 0 0 0 1 0 0 0 1 0 0 0 0 0 0 0 1 0 0 0 0 1 0 0 1 0 0 0 1 0 1 0 0 0 0 0 0 0 0 0 0 0 0 0 0 0 0 0 0 0 0 1 0 0 0 0 0 0 0 0 1 0 0 0 0 0 0 0 0 0 0 0 0 1 0 0 0 0 0 0 0 0 0 0 0 0 0 0 1 1 0 0 0 0 0 0 0 0 0 0 0 0 1 1 0 0 0 0 0 0 0 0 0 0 1 0 0 1 0 0 0 0 1 0 0 0 0 0 0 0 0 0 0 0 0 0 0 0 1 0 1 0 0 0 0 0 0 0 0 0 0 0 0 0 0 0 0
